userid	粉丝数
26	13639
833	60948
1128	23608
1630	11189
1774	89389
1812	19682
6862	14925
7597	65171
9989	35864
10780	262597
12207	46623
12662	21835
13719	17082
17003	126883
17606	11750
17711	11552
18755	197490
33926	24331
34016	11076
34776	33018
35414	69804
35515	33667
35788	40355
37377	10255
38713	37955
39269	51164
41688	14218
44445	41828
47391	58040
48568	115190
50109	25654
50887	30760
51813	37678
54148	53478
57886	11450
61386	18370
68734	17341
69844	36699
70108	32447
70543	43067
70583	33522
71306	38531
72052	10085
72715	14004
75790	16958
76445	89082
82720	46556
83843	12134
86035	22366
87341	11229
87737	11730
88069	702776
88994	150754
90754	12461
93416	1008363
94277	56023
96193	67106
100397	65676
107824	38750
108130	22138
114418	12581
118662	11388
118895	10680
119883	12412
119903	30104
120590	49572
121884	10638
122176	34345
123685	53853
123775	23883
124332	17220
125064	10690
125475	105014
125937	11081
126000	42875
127475	10537
128929	11703
129176	12316
130316	18431
132835	17663
133661	21069
133937	20306
135834	16579
140284	18232
141175	24825
146200	21176
146609	11493
148378	27523
156644	10825
159295	23129
168010	122089
171138	13784
172522	11699
177082	36554
177673	54054
182474	52949
183516	2670803
184405	32506
185110	58613
187111	14952
187705	827200
189205	12322
190062	11017
191384	44552
192145	10897
193668	10518
194595	58176
196254	344664
196740	21870
201690	11391
203841	14797
205340	12679
207125	27540
207820	13910
210790	12389
215647	10767
218000	30580
218531	124083
228515	17507
230168	345553
230756	16692
231203	54896
232207	12179
243671	118304
243831	35243
246635	17949
249492	99186
255699	11700
262470	14592
267098	10774
268187	93193
268949	10291
269473	81729
273771	29056
274098	31952
275288	80093
275390	23522
277025	31824
283778	17768
286063	57485
287381	11836
289027	11624
289061	10787
289188	47228
292476	21636
293295	17046
298810	46737
301891	17561
305692	10554
308122	30730
311321	11495
314289	18792
324316	809800
325563	25414
326679	12969
328339	10317
328631	11311
330448	126043
334413	14585
337477	65234
337680	55904
344156	34371
347674	15119
349055	21673
352591	112720
353158	11889
353171	15644
363249	88746
364960	13467
367110	16856
370898	1986058
371201	1563267
371742	24373
378648	13024
385109	11564
385649	16293
386356	15990
388164	12621
392850	80280
394133	14211
394339	12748
394515	10301
396128	60341
399876	154131
403997	13463
412976	82324
414313	28092
419808	55605
422172	41856
423040	18244
427679	14316
430028	15926
431642	15828
435990	20649
436963	69008
439675	16181
440286	10480
442264	17103
442300	47728
444880	17745
445009	135791
445837	30356
447637	22770
450826	54420
451225	21178
454572	23126
457441	21998
459717	43875
461270	11998
461329	16078
462036	23703
462891	201031
466943	27521
467968	28920
469089	106126
469103	49668
480996	78311
482488	14218
484717	11043
488384	10250
488478	14082
491071	67704
491476	17327
497079	13123
497641	15621
501317	26302
502770	23627
503554	12785
506849	49524
511179	12362
512810	52863
516664	37475
517840	30289
527962	178915
528638	16008
530649	159374
530742	19120
534389	256958
535495	16876
542777	62555
544535	76400
544621	19840
552518	14745
552767	42011
555206	43022
557886	84616
561584	41716
562378	385748
562418	32135
562836	14352
564166	14719
569289	10975
569751	10354
570864	10524
570952	13678
574614	10683
576730	220397
576858	21248
577628	13612
583451	46982
584765	128511
586303	11267
587307	13995
594994	14274
596366	18528
605253	19106
605297	13042
606466	11904
606831	55170
609395	10915
611989	10264
614246	10708
614328	10778
614622	25213
617433	24618
617556	10539
618373	63211
622899	52954
623842	24403
625193	36426
628670	12525
629126	27196
629777	13613
632834	16585
633818	114619
635704	14919
639709	26273
642696	24947
642868	24340
644300	23723
645195	13821
645408	25513
649137	23857
649262	441876
649937	17104
650709	14408
651339	12100
652278	11737
652314	12959
653361	19047
656059	58723
656482	122102
656625	27065
657301	21079
657656	10083
658108	349714
661604	12629
661965	10678
662661	124027
667757	16914
669784	12655
669872	19351
670527	11501
670612	41080
674275	12485
675539	24286
675634	34835
676196	12722
681515	23964
682587	14060
683860	21067
686167	106249
690556	10262
691615	10462
691864	50389
694598	14920
695313	18935
696197	10947
697507	31146
697624	93121
698779	10357
700020	761438
702261	23959
702570	60212
702812	11924
705901	11127
707113	16698
707729	22499
707972	16966
709137	25659
711039	33104
713769	11303
715408	12834
718423	10556
719754	35383
720003	12283
725029	10573
727047	22161
727186	17108
730518	25942
734206	16281
736563	23256
742296	281146
742871	81364
746877	12944
753362	30252
755946	105177
759315	78105
759413	34041
759595	23363
763297	52817
764255	34618
764541	23773
767132	10513
767173	13562
769942	17595
771752	237435
771985	16942
772015	33992
773990	50962
778774	14353
783017	30733
784537	10080
785171	24280
791834	25648
792128	18174
798873	11964
800118	677435
801477	21869
808040	88496
816658	61936
818956	13544
823729	25318
824768	46773
824926	29698
828785	20075
832127	68482
837842	24765
838314	10223
843406	40794
845203	21812
850389	681548
853081	145774
857366	187732
860738	18708
865887	19671
866584	16208
867220	302684
878176	11862
879395	36507
881964	13206
883485	23352
884759	24208
889749	20428
890035	34592
892669	17577
893259	42673
900477	38939
904594	24582
911273	14340
914627	124629
915674	156664
915945	18554
916876	37455
924646	10413
925040	53760
925619	533990
926505	21979
931338	13548
933636	13703
934974	72648
939048	11616
939150	31691
941261	1964044
941295	13052
942320	17418
951609	514758
952041	75556
956412	11638
958008	12238
958705	34316
958824	10194
959507	16659
960963	13989
961380	94797
962386	372543
963342	33229
964133	27770
965436	73441
966673	11998
966968	20229
967684	10876
968817	10549
969146	100454
970682	16809
972821	26778
975826	76583
977726	11775
978750	17900
979711	129487
985494	965349
986531	285933
994629	20036
1001801	13107
1005078	73531
1007418	857090
1008136	15115
1010742	128668
1016293	132093
1016966	11082
1016973	32605
1018457	88152
1021516	11721
1021517	19147
1023422	36216
1025283	22270
1026102	15255
1035562	12444
1040331	85819
1040343	895487
1040392	19132
1047873	28029
1054739	218885
1057878	20806
1062898	17064
1063303	11076
1064573	226165
1066419	23040
1068013	47987
1068113	20953
1074495	194540
1075765	46668
1076218	14417
1078355	14127
1078466	30335
1079911	19249
1080839	11115
1081450	21360
1083855	271924
1084379	18876
1084519	12527
1086759	14226
1087288	82545
1088207	22575
1094122	15859
1094877	18324
1104793	17284
1108806	23141
1110597	15374
1115383	10512
1117179	91863
1125020	10531
1129806	39064
1130049	25558
1131089	14283
1136796	208234
1147298	94809
1150318	214746
1151476	13884
1154796	20849
1157730	32541
1159287	11165
1159541	22673
1160957	846708
1161536	40522
1164605	10528
1167141	18243
1168871	36609
1170080	30269
1174255	111768
1174993	32150
1178557	27091
1180397	24615
1186269	12335
1192273	11175
1199771	206690
1200372	20840
1202283	17772
1202934	10754
1203833	69981
1204208	101126
1205392	12015
1206147	53428
1208231	245118
1208580	463414
1208974	21543
1210081	16250
1212325	38256
1214245	25780
1214397	25798
1222026	20506
1222720	55572
1227138	165074
1227476	20119
1231913	91259
1235220	24097
1242127	13837
1245442	651239
1248207	47565
1256766	42995
1257026	85478
1258010	11828
1258982	16313
1265762	30820
1274510	20370
1277559	13261
1280441	11339
1280736	364698
1282494	30289
1283752	14034
1284013	55093
1292542	11987
1296940	11388
1298730	10108
1299017	36957
1299822	36813
1303612	21262
1304053	243147
1307936	20270
1308792	12729
1313445	21540
1314546	759419
1315582	42845
1315748	19427
1316865	20146
1317450	20756
1323585	10070
1323854	14203
1323943	10090
1332323	21644
1332549	11178
1342605	860325
1343395	1525956
1344254	246805
1345737	668810
1346148	70236
1353008	2466124
1353313	15723
1354904	31478
1365909	51632
1369458	767893
1370761	14292
1377997	25350
1383199	27454
1383230	81521
1384626	73420
1384822	11074
1385534	11913
1388587	68243
1390532	12509
1397182	15404
1399364	37538
1400211	59875
1403870	389080
1404783	11931
1409028	16661
1411546	82492
1412481	13155
1416858	14788
1423951	32383
1427582	23139
1427706	20515
1427753	16684
1431748	47464
1435931	35471
1437610	21845
1438384	117062
1445651	709294
1448228	184212
1449584	24308
1453312	186243
1463722	11539
1464538	12832
1466009	24687
1469343	16892
1476732	243768
1477412	45726
1477493	23321
1481473	15475
1491147	14862
1492773	49621
1495146	10416
1498015	43754
1499337	12317
1501572	325954
1507949	34727
1512153	19971
1518101	17258
1518341	61310
1524379	13657
1532098	17781
1538176	168263
1538536	26560
1540450	112066
1540818	15174
1541566	61618
1542621	15847
1546638	11956
1548181	13499
1548871	58386
1556739	53592
1557596	23828
1561930	12461
1563732	65469
1565071	10107
1565116	149878
1566600	53701
1570436	20168
1572224	23856
1575967	17911
1580801	14352
1580994	10126
1588823	11562
1589631	18291
1589802	16224
1597282	53429
1597961	16032
1600872	11166
1610338	17948
1611804	357238
1614361	1266762
1617987	238561
1621622	12470
1623699	12249
1624912	10665
1627122	16620
1628216	16070
1628752	10034
1629982	2219617
1632907	11086
1634441	11385
1637477	18381
1640246	12827
1642901	67438
1643459	172035
1643552	42624
1646474	20409
1649794	21339
1658694	22919
1660598	47509
1661541	55765
1668654	16314
1668936	63866
1670960	46588
1671009	31548
1672268	84353
1672961	20270
1673847	11207
1674845	21035
1677795	31742
1678054	10850
1684599	11461
1684685	10196
1686049	957469
1689207	150668
1692358	509117
1692993	12224
1694146	16563
1697102	12538
1698478	176299
1699610	10564
1701577	117885
1716177	30933
1729478	101627
1729495	29610
1733345	12082
1738871	13814
1740342	39193
1742731	68681
1744366	35703
1747883	26833
1755888	16755
1757851	28582
1758126	10033
1762582	22583
1767037	22996
1769483	10261
1770178	15153
1771554	10666
1778033	18329
1778240	54759
1785789	13334
1786635	10749
1788482	23839
1790450	13169
1793566	31247
1795049	19624
1799198	34136
1799334	53247
1801960	36945
1804386	65312
1811623	10963
1823115	105278
1824966	783114
1826040	11437
1831219	17561
1833248	33979
1833533	10953
1837858	34599
1842160	11506
1844992	16233
1845827	115982
1846928	15158
1847743	11585
1849389	109858
1860159	17849
1861371	64958
1869082	15903
1870589	55159
1871997	14754
1873862	28341
1876401	11510
1877987	13042
1881149	19686
1883988	34835
1889474	14081
1890234	16262
1894654	17577
1894718	23310
1897463	11070
1897933	11666
1898217	32407
1900288	15184
1908117	45885
1908236	22913
1909119	234986
1909300	18067
1909661	67666
1921558	28235
1921854	39300
1922227	1005668
1924512	10688
1927076	10373
1937861	13018
1941291	106947
1946089	13472
1956604	11580
1959804	113992
1962116	16299
1964985	13650
1965097	222235
1973295	14207
1976908	12487
1982255	42221
1994568	17035
1999602	76430
2009901	12364
2010681	41309
2012271	33392
2015212	11016
2023236	15195
2024200	13026
2025296	17888
2027416	15534
2028420	775181
2029144	104793
2032365	51076
2036682	36570
2040921	3707723
2045634	25733
2046023	22469
2047928	31624
2053564	31575
2069213	49775
2076418	15646
2083053	25139
2084913	28890
2086396	11468
2092915	100131
2094764	20210
2097132	95737
2097352	10808
2097402	11164
2103418	14981
2108330	13838
2109207	31754
2109261	15733
2115041	11444
2116951	11655
2123918	12614
2139095	10980
2139484	17348
2146039	14699
2152670	17241
2158506	801202
2158595	68517
2159898	12727
2161774	160093
2164649	10372
2167502	66372
2169490	12680
2182744	19120
2187281	13437
2188420	10552
2189898	12122
2190007	83724
2190304	10460
2194582	16333
2202150	22177
2208454	16010
2210066	12468
2212914	17365
2220457	10054
2223619	41088
2227385	14704
2229293	12743
2230096	10848
2233298	29987
2239026	10733
2241159	30321
2246129	35957
2249334	10744
2257318	15262
2260424	10967
2263602	150072
2265246	42788
2265435	41919
2267661	428724
2268018	15569
2269433	393091
2271858	21194
2273416	15931
2275945	54828
2276933	13129
2278742	15796
2281547	11379
2282041	26816
2285204	310735
2292464	22988
2296227	29404
2302642	13589
2318486	28459
2323507	15960
2332108	17928
2333135	12928
2334063	68845
2335204	17215
2336238	171091
2337568	13535
2339106	18102
2345881	15034
2347358	21162
2353821	130550
2360175	11106
2364753	23473
2366450	14506
2369573	68690
2374229	36313
2377292	10817
2383126	38472
2393589	17383
2404900	16934
2414669	88307
2417660	139676
2417901	41001
2418294	21941
2421946	20655
2424468	36517
2424583	73956
2424905	189829
2433363	10931
2437031	26590
2437676	13331
2446520	35434
2465012	41029
2494904	11828
2496815	51711
2502706	59235
2504982	13882
2509126	12768
2517474	17423
2520528	45718
2520883	17480
2536339	151882
2539331	10991
2542409	20138
2548753	24413
2552276	19151
2554397	140026
2561085	46542
2562191	17121
2564545	14772
2567534	15259
2567543	18980
2571373	49898
2576250	43655
2577712	17127
2580439	10356
2581634	41020
2592051	29835
2596606	10780
2602284	79854
2606955	12313
2612564	16743
2614630	10287
2616818	15504
2618691	75526
2619041	10652
2620960	17959
2621809	23629
2625800	15974
2631711	10559
2634303	23292
2639723	23602
2640233	37025
2643472	30157
2643740	10509
2644149	36817
2647303	16740
2650122	26527
2652176	49147
2655765	10144
2659456	24900
2662148	11200
2668622	31346
2669007	135701
2669177	10676
2675873	22177
2681260	13057
2681864	12303
2682126	10658
2682187	24413
2684618	427881
2686780	19379
2687202	10488
2696882	34221
2698893	27820
2700219	35842
2701263	12635
2701661	13780
2702734	13396
2707076	11277
2712750	19850
2716895	14057
2720996	67397
2721550	23540
2738957	15503
2750701	47002
2753803	17629
2756724	11601
2758009	10440
2764463	10310
2765263	20460
2765447	15363
2767727	10957
2782685	20837
2786627	12824
2786737	16495
2805830	24557
2806771	11664
2808507	10256
2813758	63346
2818959	20980
2820244	15728
2832932	17860
2834188	12822
2847671	154167
2847672	67519
2860573	28720
2864412	53950
2865613	24037
2869463	13706
2877404	23975
2877983	74100
2880108	10792
2883535	10464
2884845	174060
2888781	15236
2890105	32838
2890210	11404
2894857	22092
2900008	17509
2901299	16231
2923387	331958
2926176	10315
2927239	13384
2928807	37810
2930449	20386
2931404	185718
2931998	11563
2935100	27135
2942487	12703
2945801	265801
2949493	32123
2952989	14692
2956680	22316
2957551	11362
2958377	46431
2958560	10931
2961352	32227
2965734	46721
2969551	26896
2972262	15889
2973000	12562
2973863	15192
2976966	1574051
2979925	22441
2984490	69376
2991897	54332
3005034	10144
3006880	14977
3014968	13410
3016495	66833
3018288	357450
3019325	14735
3024260	28041
3024364	13710
3026931	19123
3027458	97867
3035334	11422
3038430	125908
3043740	18041
3045667	13883
3053691	40192
3073582	157870
3076887	19210
3083931	15200
3099415	20166
3101406	13814
3102368	20628
3104144	17185
3105344	16492
3112456	50583
3116569	28430
3116643	30415
3127235	455918
3132605	15439
3138568	21425
3139350	27376
3139956	13145
3144687	11077
3145933	30246
3148677	15447
3151396	35940
3152381	11012
3157719	30060
3158899	79388
3171793	12911
3172910	631052
3180741	22968
3190990	13203
3194588	24032
3198712	34723
3202821	11027
3207441	13947
3210543	12137
3210807	15361
3212861	17149
3216504	125266
3219018	33213
3227662	95466
3230969	13618
3238114	62552
3240529	28452
3240771	29322
3241335	93677
3253319	12042
3254547	11740
3254592	15610
3256875	2241190
3261115	35075
3263159	87935
3273046	21530
3273836	39316
3278283	21614
3284819	11135
3287965	18800
3290047	11315
3291747	54890
3296152	80206
3300174	42393
3304148	24774
3319856	59874
3323977	54817
3328389	100469
3330028	186859
3334764	13784
3343855	17920
3348126	29341
3349432	13375
3350716	14780
3352125	46960
3357001	12755
3359182	21010
3363613	15700
3364063	25863
3371449	11743
3373865	14737
3377607	18458
3389035	23094
3390846	12223
3391878	11134
3391899	10730
3393627	51447
3396190	12695
3407600	15499
3410994	20194
3415223	290147
3424156	14257
3431698	10916
3434599	10771
3435932	56446
3436132	59153
3439394	13542
3456606	16739
3456681	16160
3457199	58860
3472396	10669
3475322	10544
3477811	54955
3478996	21323
3482666	55401
3499938	12277
3507043	42090
3507494	10014
3511643	22695
3514695	27088
3514927	12701
3521035	23569
3521158	15258
3525045	12286
3529246	12762
3530850	36511
3532798	10588
3534211	28266
3537307	22424
3557048	35000
3558267	22941
3572349	30234
3573770	15626
3576248	23186
3577058	10296
3582959	20017
3591002	20535
3596161	17691
3605751	13872
3606430	21535
3608427	13372
3610633	19992
3610871	14366
3610875	10822
3614504	18540
3618796	14228
3623048	22439
3626279	24613
3628501	12093
3628889	32086
3645567	11083
3646475	14724
3648335	30810
3652035	15716
3659891	427425
3669015	11662
3673845	35806
3676761	23350
3690793	22637
3692309	32353
3693750	98839
3694421	10372
3694792	14342
3702796	35048
3716383	10851
3716657	13762
3719694	25014
3722751	82649
3729198	10397
3733421	10275
3735869	13337
3737919	103030
3740143	14463
3743220	16641
3746746	24370
3747502	57809
3751533	37167
3752186	18050
3756600	21131
3759404	10616
3766369	285157
3768196	38599
3773414	75485
3777926	67172
3779107	47042
3781689	31520
3785299	12921
3790667	11582
3808384	256060
3814515	10062
3815597	50539
3817841	10496
3820193	27602
3828474	196210
3828773	20371
3834051	61819
3837817	28166
3839708	46279
3854063	22808
3858289	51930
3860556	171917
3860900	51661
3868232	35098
3882401	15902
3884309	11648
3885500	22377
3889455	13335
3894993	25935
3895072	16446
3902809	17015
3909116	16021
3910806	24487
3911799	15695
3912251	21857
3912486	40717
3925996	51296
3926931	11584
3935398	20810
3941113	17701
3949153	12093
3954494	11338
3964533	12525
3966424	10367
3967275	27953
3973511	28808
3984262	14050
3989685	13937
3995494	22181
4004861	64906
4008557	59080
4020488	10102
4024235	16240
4027247	35452
4030625	13357
4036336	10078
4045695	10222
4053428	111983
4055716	66911
4058660	521434
4067207	32777
4078270	12666
4078430	14201
4079471	14026
4086407	16256
4089356	21891
4095780	11466
4099326	13737
4104471	11930
4109679	12384
4114845	52363
4116891	23924
4117345	20467
4124491	53142
4125221	11082
4132395	14138
4133846	29062
4142719	113502
4145062	24183
4145767	22036
4152610	47848
4169477	16172
4170336	14759
4176537	49132
4177327	15549
4181521	27718
4187039	10251
4189339	28854
4190580	98849
4202647	17464
4204102	21968
4204132	16733
4207047	25967
4226454	17524
4238575	45734
4239744	12373
4249976	20509
4250310	11944
4254112	26230
4257498	1880946
4261596	14981
4264895	14018
4273758	27618
4287096	13838
4288337	13733
4288818	28207
4291816	11527
4303582	48862
4308077	24850
4319203	14709
4323482	20726
4325913	10210
4330197	21830
4333066	16784
4335229	29984
4337760	14536
4338354	22972
4354791	40613
4356375	29314
4361065	12575
4371018	54372
4377484	22089
4384483	83772
4393413	103519
4393466	14560
4398652	11088
4413965	15944
4416373	14547
4427040	21282
4427317	12703
4429530	15520
4435172	10901
4440590	26163
4448095	273387
4449714	50153
4451070	11871
4462035	19737
4469796	15635
4473990	44901
4479157	22206
4479352	14936
4481309	17982
4493547	47336
4495929	10574
4497236	13665
4497493	15963
4497903	16812
4507944	15249
4508242	20251
4510543	31265
4511346	22571
4511449	13152
4516364	10373
4520370	11166
4524045	14038
4527493	13837
4529732	12451
4537518	41472
4537646	15750
4542522	92663
4542672	113201
4543710	13129
4548370	410792
4548863	193750
4549370	20708
4552490	10144
4555019	10582
4557529	114960
4566505	12838
4566868	15192
4569509	30387
4574757	10682
4593781	10405
4593822	14894
4595433	167366
4596734	30860
4598898	302172
4599700	111209
4604836	12714
4607036	40550
4611099	12744
4614109	15439
4618737	21698
4620748	37819
4641101	18991
4641216	13169
4645222	222523
4648613	22128
4652430	28014
4660775	14133
4671843	10143
4680919	48440
4692905	46436
4694699	11882
4696825	10205
4705007	47686
4723134	12100
4736715	13074
4738982	10298
4739319	11921
4742251	59843
4750895	21948
4752486	27460
4756672	47545
4759185	13227
4762273	12721
4764918	24280
4768512	14838
4772829	12364
4780966	11546
4798525	18958
4799983	46966
4800653	13686
4804724	26641
4806060	37983
4807123	16022
4809909	348571
4815561	26791
4817585	17824
4830308	10733
4831739	94833
4835454	95944
4845304	28550
4851458	209216
4852492	11206
4859243	70966
4870820	46088
4894151	29359
4898473	12326
4899892	47095
4904155	11410
4922422	649406
4928177	187832
4951204	20720
4955456	13057
4955746	49694
4961706	13111
4961817	15287
4966007	169348
4966691	13609
4995064	13641
5001673	294005
5019662	10007
5020427	19085
5021684	32426
5023998	24406
5025117	29957
5030687	11465
5034197	935587
5034705	31501
5035840	22006
5051011	28466
5077307	48025
5082259	33928
5082289	11930
5085396	10030
5089033	29534
5092684	45898
5095897	45068
5099993	35253
5102767	18228
5107224	72546
5117837	18538
5117935	28049
5121645	10736
5126009	13329
5133910	10442
5141878	14308
5145118	11935
5151022	53762
5159018	37728
5160643	55216
5165378	53288
5166151	14949
5169659	10127
5170581	25055
5171487	10461
5178019	10710
5185561	12543
5188476	24628
5192852	30940
5204641	36426
5205348	35639
5209849	15036
5217463	10224
5221009	30946
5224785	43225
5228755	11419
5234176	18211
5243164	24068
5244734	46253
5262488	24169
5265167	12618
5278441	33169
5279838	16237
5293066	11370
5295791	22428
5300948	12074
5301778	44840
5308460	11776
5318163	27549
5319914	13654
5325236	23915
5325440	84610
5337524	11804
5354073	10065
5382373	15826
5382977	69196
5385347	19648
5393265	10640
5393638	10234
5399264	18671
5400177	154612
5415343	11703
5423886	16919
5433976	13321
5434351	51722
5441309	11802
5446292	29032
5449650	31260
5450403	12336
5452780	85851
5455095	23576
5455612	39966
5459033	71260
5462423	85742
5462474	37734
5472045	11334
5474767	19684
5477224	48893
5478516	10217
5482214	367795
5489976	51033
5492008	10028
5503362	164660
5507604	82577
5514120	24875
5518693	75810
5525719	16379
5526528	13881
5540197	10192
5541401	14865
5544107	12436
5547820	23884
5556791	155286
5565211	483162
5567446	129437
5568649	36061
5576961	50649
5601325	19847
5604008	16565
5612499	31932
5621722	61438
5634698	39105
5637519	18683
5638070	23107
5641571	11472
5647415	11747
5651776	10045
5653478	24156
5661241	31661
5666431	14908
5666873	20832
5667963	16377
5674693	14886
5684723	11671
5686280	10620
5702643	28251
5706598	36040
5710212	17050
5710547	22662
5711119	14169
5711717	15313
5717706	122636
5725539	19375
5740153	14789
5742496	50005
5743916	13437
5749477	17270
5751460	50433
5752283	57421
5763200	21430
5773942	17287
5779588	113189
5787411	12519
5788027	27159
5789467	28858
5802401	15958
5802754	17133
5803759	11570
5819233	12663
5826934	35960
5839300	27335
5840241	13847
5849524	18888
5851506	10115
5856053	11269
5866039	13537
5867265	87775
5871703	54290
5876471	13940
5876563	10485
5876808	38849
5880126	136536
5891258	51823
5899949	15128
5900679	32425
5911273	25149
5911686	11409
5912085	16223
5919075	63862
5922718	21420
5922978	251621
5924126	19374
5930099	38123
5931433	32504
5941101	13935
5950325	69449
5954568	11229
5966666	65266
5972810	30567
5993500	25323
5998046	13689
6000158	21279
6001455	19541
6002064	22683
6008533	18842
6012788	13818
6012875	31045
6019419	50916
6021817	17337
6025153	15943
6044150	18253
6046919	16511
6050368	499966
6063462	22484
6072514	31257
6077643	127602
6078065	61136
6086697	18366
6089375	12607
6100885	17258
6103436	26666
6105868	12192
6108252	11788
6116902	44031
6120316	56615
6123314	23979
6128344	13219
6133388	24328
6137841	43472
6146587	30263
6157875	19101
6173371	16651
6180590	10146
6182106	17588
6182552	12048
6187087	30093
6187576	11513
6203076	43460
6203291	12033
6203375	137665
6234140	45087
6236233	39797
6237007	10510
6251518	12658
6274438	15573
6276481	98965
6278765	18663
6290058	17896
6298351	56354
6314826	243864
6316967	48955
6319740	14876
6325464	108930
6334235	16445
6344607	30305
6349607	36911
6349653	54771
6351702	10164
6352222	11087
6353444	11714
6370865	24639
6373783	10462
6374652	13238
6385881	328703
6386457	13343
6388679	15705
6397867	20184
6402018	14331
6410770	71861
6411539	13247
6415997	18614
6425287	17884
6427632	77323
6442117	10178
6445882	17783
6447565	28403
6448351	12615
6449159	52411
6479106	81602
6488914	19086
6512726	25141
6512939	10633
6513074	15672
6515468	16089
6519460	50694
6530097	12688
6532022	11013
6532622	40094
6537689	11502
6539236	97855
6539348	10132
6542850	19342
6553185	27376
6610556	16881
6610692	13317
6611130	11677
6623079	12863
6628034	60633
6630192	23349
6631319	11947
6635217	10146
6636192	13161
6636599	49254
6648449	20146
6648710	77411
6663066	17316
6664030	112699
6676650	14979
6680422	14527
6686305	14403
6706947	11789
6715731	26310
6721414	307779
6725481	61572
6737388	40591
6745019	51564
6757632	14999
6761486	31880
6761689	22518
6775646	13632
6784366	48886
6788764	10404
6789617	40743
6805234	12848
6811716	11725
6813480	15080
6815102	19091
6822954	11930
6842314	15880
6843560	11673
6846349	12846
6848434	30827
6854826	14975
6855255	16147
6868434	47568
6871878	10564
6875406	119460
6881117	50251
6886405	63563
6889276	22409
6897810	11720
6899471	49411
6901496	15613
6901851	41243
6907327	16363
6913698	10974
6924299	29442
6935347	20172
6936416	12384
6938528	12349
6938792	13551
6941371	13457
6954151	46802
6968880	11420
6971388	242551
6973196	24504
6991902	28255
6999958	22599
7003111	14308
7005053	20065
7009635	29204
7014430	52452
7019208	11406
7023117	12151
7031413	21802
7041117	10069
7048621	22836
7108921	21625
7131618	50812
7155625	15194
7167751	11495
7176023	10644
7176271	13208
7177044	81125
7182681	24790
7192849	11001
7199189	45279
7368861	18030
7409473	693620
7460350	24040
7473915	10767
7486673	32938
7489105	29476
7489129	10509
7502715	25126
7512347	16262
7529981	15552
7538121	20933
7553340	22788
7567757	20947
7572995	10867
7574414	56376
7582794	22338
7589412	276266
7589831	12005
7603321	12060
7604512	11446
7616489	10428
7627011	10035
7656772	20642
7935441	12406
7936108	16683
7944822	13375
7951646	10484
8005593	51618
8024971	20295
8028955	71470
8039802	19489
8042387	61649
8046557	13329
8451011	21242
8692866	10007
8694598	35778
8700812	16812
8704133	11763
8711175	13528
8712574	94085
8723440	15067
8727639	13376
8728918	308194
8732108	35052
8735390	51736
8736853	10623
8744042	13531
8751306	21529
8760594	12461
8763626	19808
8772590	11483
8773801	12629
8786756	16107
8801800	19327
8802689	11628
8805899	26912
8806352	108363
8846694	10269
8847213	12399
8859989	47079
8861724	11832
8869255	44572
8873073	10733
8878460	10222
8887999	166323
8890363	24849
8896467	18645
8898169	16149
8905727	20266
8915576	22267
8917672	11924
8921379	11481
8928594	21426
8929070	10247
8931068	750087
8946615	28704
8947772	90754
8948944	11695
8957365	11940
8962325	13490
8963486	101216
8969533	31618
8969775	16146
8973256	13213
8975874	10964
8976585	412038
8977333	12668
8981966	13451
8985330	39366
8989742	17408
8990147	18298
8993524	51536
8998179	11711
9004036	14797
9007594	25220
9008539	218462
9016218	249099
9023124	13951
9026914	61125
9027051	35654
9031540	21004
9034654	25595
9035265	22936
9041782	198494
9043649	11835
9046768	15329
9057036	69551
9058635	10034
9059370	42660
9064956	151611
9065973	14306
9081233	20885
9083732	1444686
9101045	137355
9104569	22875
9105226	11697
9106931	11362
9115797	10399
9121905	22223
9134700	84289
9148202	385064
9149351	71586
9156739	33049
9159074	13400
9161274	11496
9162528	24062
9164663	11201
9189822	15433
9194751	17333
9197988	13025
9205234	167551
9210333	27359
9212003	12117
9212393	15687
9221155	53745
9222192	11520
9231709	11833
9232490	34686
9234553	19725
9259884	38460
9261969	64008
9288165	26794
9288512	17912
9290802	72967
9303492	201968
9314719	15881
9332843	10087
9338966	10946
9342905	22394
9348183	99506
9368537	12486
9379792	18641
9391033	154854
9391218	93236
9397722	10905
9397761	35655
9412019	12238
9415530	36244
9421469	27609
9421685	482991
9424985	62273
9427125	28395
9432065	18169
9433225	12871
9434196	51499
9452513	34445
9453113	10949
9454110	10454
9463040	141259
9471215	34498
9471403	268856
9477831	10127
9478492	10431
9479623	14611
9480394	22922
9493905	145820
9499600	34605
9501490	10892
9506062	11467
9513283	15106
9515138	22641
9515511	19632
9520197	10050
9544143	10239
9556024	18706
9557163	17926
9558690	10347
9558898	13869
9562767	19858
9585885	70729
9586708	49291
9592755	18814
9606508	35254
9610234	10284
9611217	10292
9622832	202884
9643095	15835
9649067	19785
9653847	12054
9668643	21215
9672768	179423
9677888	107854
9683780	17888
9699815	10568
9706783	410415
9717698	295341
9724211	27030
9728528	10514
9742157	11044
9751958	15084
9764216	14655
9779727	61696
9784666	12900
9794000	12911
9800343	10835
9806973	499037
9811382	75558
9814422	10765
9816657	12928
9818506	19268
9818670	21169
9827871	43129
9859700	11687
9869038	27045
9879079	21442
9880021	22573
9880682	15848
9886271	16726
9888322	17693
9907385	20618
9920530	42796
9925226	23883
9934599	74109
9935345	70911
9943767	11772
9948421	827709
9954146	32240
9961750	70871
9962483	108173
9968570	16845
9971619	53566
9971661	468295
9975010	20046
9977318	13001
9985012	45464
9999246	52190
10013694	10324
10026893	14827
10029051	40715
10034430	11292
10035496	13903
10046221	19222
10057188	56783
10057784	13494
10059159	10736
10065481	12751
10067473	12136
10082422	11600
10091917	63250
10093179	42377
10095349	29006
10102148	15060
10105721	21126
10107639	32164
10109006	17503
10121248	239183
10124139	396691
10129512	27538
10140246	48315
10166255	14112
10176279	19534
10176583	12183
10185503	13886
10194054	64289
10199327	34644
10207672	14804
10212928	10204
10217349	19793
10220708	32245
10221882	16373
10231967	12044
10232867	12006
10233928	14870
10237757	13229
10241105	27280
10243968	26608
10263447	16477
10272109	13317
10278344	14321
10281348	18779
10292416	10815
10295210	11901
10304740	11658
10308066	288316
10315394	33407
10320941	19722
10321016	16825
10325148	26708
10329967	46501
10331503	17526
10336357	31863
10336609	19145
10338219	10276
10366483	61801
10383998	11280
10393202	10857
10394903	26779
10395409	211324
10395670	63855
10396318	109982
10396910	11878
10406044	11350
10412732	30768
10427629	16528
10430626	52975
10463072	14454
10464173	521571
10488913	11522
10503880	11957
10503892	19785
10504756	26992
10505017	11548
10516345	620386
10517764	23333
10518352	15983
10519822	30030
10522168	17873
10522343	313334
10522498	13003
10538903	23538
10541156	51157
10573600	13049
10582496	16434
10588190	16127
10593720	83588
10601315	281480
10607856	13816
10612796	23755
10616080	56640
10634756	56639
10638571	24637
10640391	12659
10654473	18206
10654896	11320
10656958	16313
10666957	10786
10681273	666503
10690338	17614
10692080	10943
10717605	18951
10745671	10739
10755534	22460
10761135	12003
10765414	59994
10770670	78038
10777880	11401
10778047	19123
10778337	75746
10802041	12123
10823050	18414
10827942	1038893
10831210	14850
10831788	14700
10834867	42554
10838450	21134
10839297	11039
10850136	12661
10851447	11720
10853229	34845
10853621	10897
10861096	13136
10861535	24224
10874183	94776
10891099	11627
10893694	98146
10899303	11335
10913074	18467
10913653	13219
10916368	16059
10940968	29277
10941389	11277
10958159	13085
10960452	16097
10974905	12903
10982670	48160
10988534	30220
10988742	10299
11021418	11440
11024235	14696
11041776	488915
11046335	63449
11058526	15292
11059908	16527
11066436	18254
11093698	24678
11096716	11758
11097143	30285
11098838	15658
11125250	12141
11129280	50299
11130108	18126
11135919	47404
11137317	12927
11141924	10858
11145990	10238
11155763	19195
11170830	49904
11182492	13462
11192505	15348
11215913	24595
11226273	10951
11232986	12648
11242960	535475
11244603	11070
11253447	11024
11257296	14264
11268942	55078
11272930	13641
11278074	10217
11279065	25713
11287302	11306
11292676	57999
11296861	10864
11302194	25581
11324909	27062
11329559	13909
11336182	56578
11354192	16445
11357966	14887
11365592	28646
11370226	12219
11378580	20417
11380799	19671
11384934	10619
11388282	12392
11392137	11217
11394267	11989
11400521	51542
11401908	14173
11413013	10309
11458732	14396
11471159	121318
11496603	13916
11499523	39087
11518417	10537
11526877	33164
11528996	55515
11542166	12106
11564212	11396
11571015	14295
11574795	27240
11577838	64963
11601268	11272
11624586	34890
11624691	64929
11633473	32059
11649409	34640
11652282	18854
11656509	29137
11659683	25787
11663019	10611
11663838	13729
11681823	14966
11690865	22002
11698586	327296
11717652	55746
11742109	30642
11742867	13179
11744038	21249
11744723	19648
11748618	58338
11751797	14622
11758245	45124
11765129	15315
11779516	11097
11780649	13028
11793734	12265
11819337	10333
11820434	10140
11820810	17772
11829337	11145
11834960	15736
11846927	19011
11861130	22026
11891857	50465
11894167	26793
11938083	35776
11940984	28010
11943342	23257
11945896	18940
11955144	21834
11963957	10316
11967151	151598
11975767	10963
11977553	32058
11978076	18590
11981706	19109
11983101	13927
11989876	10113
12006123	64247
12021652	13005
12025412	21938
12042645	11901
12047517	14723
12047912	12852
12048386	10534
12050708	10350
12059249	22765
12064148	11207
12072398	12454
12096531	10844
12097928	11712
12099624	19713
12106054	64145
12106676	24087
12116283	96095
12122564	11519
12126632	11401
12138958	410047
12140860	38175
12141262	14147
12146765	21343
12147534	25274
12158499	25895
12192842	13371
12198579	14696
12198766	14336
12206639	13478
12207289	137584
12220549	12437
12243503	10788
12249944	11327
12250377	54514
12280370	14200
12284543	17844
12298034	10210
12307952	11731
12309192	47924
12316656	11528
12321000	12137
12324573	17285
12334682	25440
12336072	125550
12340546	80145
12346783	15248
12352156	13780
12355781	10606
12358359	11125
12374558	16394
12375234	49137
12390877	16475
12391469	13335
12392386	10773
12396367	30931
12397652	21666
12402009	37587
12409689	10663
12415206	20729
12420341	406732
12440070	17734
12442514	11669
12463853	15402
12465000	11919
12467660	36982
12491908	27356
12492049	12864
12494106	102681
12494173	23311
12494331	31519
12502100	14128
12512046	10577
12512215	15569
12522271	27688
12537105	14186
12555491	25096
12564971	20259
12568077	47958
12572304	16113
12574367	10234
12574458	26536
12583735	23253
12585185	11577
12588402	10815
12593560	10921
12604111	44803
12610082	18872
12622020	29950
12626412	10442
12629508	106196
12640984	55031
12642046	64914
12642713	29781
12649326	12150
12667249	10302
12674063	10040
12681375	10207
12692655	171205
12695950	14885
12742244	48132
12750859	19098
12763649	22344
12766778	16398
12772649	11093
12785517	246661
12790454	25209
12817757	48739
12827803	81544
12828490	11259
12833959	60144
12839849	10953
12846620	400399
12847175	14031
12857256	78411
12860479	22045
12863132	15733
12866099	53557
12867616	50024
12873463	23460
12880007	129036
12884898	54192
12886633	22656
12887271	36901
12900215	20814
12923324	12456
12949073	10295
12976121	12562
12977958	19727
12978742	102566
12980647	12669
12998216	14722
13006970	23077
13013212	152774
13022969	12262
13035464	33639
13039519	15266
13045583	52182
13048112	11076
13048118	11073
13053680	63201
13056692	13531
13069094	58114
13072215	10662
13084349	16794
13086705	61963
13099826	57127
13101730	14629
13107763	113408
13131643	11860
13138793	17986
13140431	21113
13147327	150220
13156286	12170
13160052	17241
13168214	99958
13174147	12323
13179942	14726
13184780	12099
13185597	61972
13186863	34846
13189768	11032
13195420	11088
13196479	11511
13200247	19927
13209618	141588
13242696	13915
13246161	15209
13246738	28020
13258553	17668
13267306	14214
13271962	57856
13293386	48912
13305117	47222
13305473	141223
13309959	10041
13313439	12954
13313717	13881
13317955	269918
13327380	16299
13328005	47741
13342801	43037
13352535	18429
13353526	10326
13354084	10763
13357476	16835
13359093	20770
13370355	180780
13379324	19692
13381844	43893
13399377	43054
13437635	11591
13437751	22509
13444673	16249
13450175	42926
13455630	11641
13459411	19228
13468243	16433
13477208	12246
13499612	11407
13502030	18369
13504670	21085
13506766	14672
13511461	16040
13519067	11341
13526773	14178
13542892	49149
13548302	55876
13552576	34968
13555882	59199
13557204	90851
13573886	15657
13581564	12279
13598683	14244
13601891	20072
13603865	24969
13624673	12459
13634591	23730
13635659	40727
13639348	10508
13648217	10881
13655334	20205
13658252	12350
13660697	62568
13671728	11034
13683894	14461
13692206	11787
13707676	30642
13710462	10115
13711398	16788
13713881	10800
13724387	59250
13745167	13055
13758719	10579
13784949	12871
13788410	18238
13797451	27015
13806606	11221
13811547	16641
13815643	55323
13825654	31993
13826888	13175
13839034	151993
13844109	10913
13850033	15113
13850937	18993
13885888	22606
13918844	16260
13931981	56169
13932293	12952
13935033	20213
13941178	50996
13954875	16820
13982057	10405
13983075	42893
13985444	10579
13994388	105817
13997553	11299
14002429	10994
14006948	19113
14007243	14082
14040842	77115
14045901	13228
14049508	18056
14061714	91578
14072579	12480
14083938	27624
14091107	70541
14094243	11729
14103562	15271
14106620	39688
14114355	17498
14115300	42105
14133780	14042
14144612	21571
14145308	10150
14154083	69866
14154793	25194
14161622	17907
14164441	28763
14174444	10374
14184057	10460
14188098	83064
14197345	24755
14199082	36856
14216985	14977
14218296	27733
14218649	10256
14219663	11746
14220158	30321
14223479	12885
14224334	53771
14235728	12449
14239972	51134
14241685	24515
14253844	12734
14259889	42648
14267135	14488
14278839	17638
14283670	306252
14290002	10859
14293944	17838
14304901	18932
14306469	49645
14310133	13096
14311508	60842
14325628	45462
14357568	17802
14358094	28232
14365181	11426
14372741	17281
14373092	10657
14379984	53807
14384347	15995
14387399	11881
14395360	10393
14398725	43531
14402333	45188
14403738	35168
14421931	30551
14432945	49730
14435707	78853
14436628	10367
14437532	44682
14444007	11631
14446016	15541
14464865	11926
14464961	99836
14466206	20676
14501830	13538
14502131	11050
14517495	36251
14537390	27554
14545122	11917
14560806	20571
14563235	10052
14572248	16022
14591360	76962
14594246	240600
14610098	30056
14610206	11599
14611598	297969
14623238	186189
14658998	22531
14659503	1088098
14660425	11534
14671762	32895
14689310	11870
14693793	634297
14709662	14345
14712104	15895
14718992	10434
14719611	17112
14722281	34513
14728429	13415
14728791	204586
14735053	11443
14755954	18495
14759102	55095
14766740	16378
14779892	18751
14787409	15118
14788887	20361
14790983	15837
14802065	97485
14802821	19146
14802992	21004
14814630	14701
14829575	11761
14846460	24523
14859551	55250
14872472	15336
14873734	14960
14888229	14819
14908733	21529
14909596	10655
14925456	20496
14934906	51563
14937144	19114
14946925	13991
14949600	95747
14963397	12446
14963853	10486
14964858	15478
14966395	16165
14982233	12452
14983693	17151
15002315	18350
15002924	26682
15007191	14170
15010523	80563
15016778	36588
15027841	12975
15028417	10284
15028653	14882
15034052	15497
15081764	10879
15085402	396856
15088359	22463
15089294	65867
15099859	16594
15106805	56764
15123298	12666
15128435	17551
15132421	20647
15137944	16861
15141991	18759
15168855	466179
15175399	15054
15189929	33273
15194144	12750
15194357	14245
15203103	11433
15203870	10642
15232072	19603
15235916	159211
15240644	15752
15251232	21364
15254532	10299
15255441	43097
15263527	21746
15279404	94501
15284575	10214
15286145	11552
15294623	21543
15296680	60763
15301797	21486
15303905	13825
15321956	11609
15328166	46294
15338141	25746
15339936	10130
15347166	35871
15349452	49757
15369658	26268
15379779	47047
15393718	11767
15394793	11295
15409044	18083
15410584	12388
15410621	85605
15410815	24686
15414874	49625
15420646	12195
15434850	13778
15445270	12599
15460095	11831
15466424	12605
15471936	10273
15472543	13696
15479938	46530
15547887	26269
15550188	18246
15555679	47703
15581276	12889
15584312	79805
15591758	19885
15591917	11452
15594063	200930
15601494	13277
15604322	10291
15609799	11769
15611972	36642
15612121	15857
15621086	15810
15626330	136940
15637674	49377
15648925	21657
15668422	12490
15679542	19828
15683067	12365
15685123	33622
15693337	10430
15695403	19562
15701844	23864
15712410	16107
15724340	16820
15727077	47346
15747139	16136
15747902	14909
15749487	2341265
15749877	29684
15753959	12106
15769401	12270
15786967	17184
15792546	49275
15806085	35742
15818021	18065
15821955	116065
15836504	70180
15844577	26508
15845685	80892
15861549	51525
15871876	15592
15880609	18096
15889131	74672
15905434	14405
15909799	72870
15912403	11590
15914234	11460
15914494	10912
15918300	15965
15924369	26483
15926900	27481
15952520	19433
15956037	20113
15959691	18644
15973758	19206
15974289	11983
15975823	13763
15976257	13569
15981658	12090
15988459	11094
15997840	15348
16006968	14275
16011112	11348
16013890	13834
16037728	57046
16041689	61292
16057262	11016
16069828	10025
16083115	16812
16083712	12573
16089440	13361
16108045	12622
16113304	13580
16157437	13199
16179997	12231
16192753	10461
16196586	54175
16201039	31644
16202123	13408
16207419	29686
16229717	30357
16239974	22703
16264576	10695
16287823	37273
16301977	11985
16305368	13984
16336228	22471
16341200	12157
16342052	14808
16349934	18368
16377185	12507
16378650	19405
16381940	10982
16384658	23568
16397670	351182
16431006	11952
16445472	62280
16516607	23603
16521455	84020
16525922	16360
16542002	23324
16578974	12702
16580522	12704
16585290	16012
16628674	13474
16635258	46990
16638689	29636
16675608	12610
16688059	50033
16700865	12745
16711744	69508
16737413	14249
16744759	19264
16752680	19022
16788962	23645
16794331	323263
16806362	21594
16833331	34518
16857896	19785
16859750	17049
16859875	27421
16870613	82830
16873472	13000
16892743	12650
16894735	40396
16907025	18279
16946446	24664
16968158	14285
16976958	20701
16980518	14240
16983860	334317
16998888	19202
17008057	12383
17018997	15142
17024565	150334
17034097	16120
17055141	13751
17066278	16286
17124828	74506
17127767	48750
17141613	17067
17185868	19548
17240170	18742
17251274	12749
17251808	12505
17266033	72163
17286649	12066
17307127	47111
17307306	13372
17328322	11325
17340399	11982
17352492	310670
17361864	13221
17365735	11965
17388713	42372
17390699	13414
17394047	15891
17413623	40513
17417961	51781
17429373	15084
17448845	23600
17467074	21127
17474878	10302
17520115	16201
17520224	11691
17537618	13643
17550453	151187
17550845	57551
17580503	27191
17581615	13217
17589277	12272
17595242	11572
17601324	11510
17605402	14030
17607387	11380
17613293	10551
17639953	14158
17655787	20361
17668408	14646
17671103	75074
17672187	10116
17673167	10396
17680815	31344
17693582	67350
17698070	25315
17724818	10199
17756416	13422
17763369	12035
17780959	35682
17817751	11393
17819389	17919
17820128	55378
17821020	39688
17822385	159902
17824659	21848
17835087	10483
17877927	53337
17886598	13990
17924545	42413
17932555	12199
17952693	12707
17964483	11398
17976358	46610
17985320	73323
17991401	14009
18043829	67230
18055359	461786
18064502	15819
18078692	25353
18079087	10850
18083961	49322
18099932	20358
18116241	18378
18121597	13161
18138672	12119
18140930	26262
18156683	60439
18173394	10197
18190726	34103
18196853	22670
18212256	13370
18225927	72386
18229784	10612
18240602	23678
18245941	11859
18247815	29089
18265073	23415
18276891	17957
18277830	11421
18320194	14017
18350893	473062
18351763	11002
18409120	10117
18410163	27181
18410822	28958
18422981	10873
18452643	53522
18454477	238706
18469344	50368
18488137	21019
18495474	12406
18498285	18634
18503479	174095
18511586	48426
18524926	16836
18532340	22476
18542865	22540
18549137	19317
18560341	11527
18572866	55477
18575317	13078
18591039	10274
18626911	33304
18629871	37649
18645627	12589
18654026	69407
18662421	73297
18668446	12318
18681679	15297
18697914	14637
18722145	29902
18739389	43144
18740967	11817
18743456	12735
18757479	18512
18799989	10577
18802324	54946
18810500	12456
18823406	11325
18831232	11492
18836003	94886
18847192	10620
18859460	17789
18861813	16403
18865020	55448
18879036	11323
18881083	13348
18884045	123260
18887729	10448
18890173	10203
18892835	15112
18907423	12330
18912328	11398
18913016	64068
18917536	12884
18929266	15157
18929615	11202
18941000	82766
18954510	14731
18971427	13895
18984719	54637
19040169	14549
19046573	34772
19053412	13074
19054766	20457
19062318	26878
19063224	13952
19136809	11241
19138734	11233
19149186	18396
19160922	32576
19167996	11319
19202606	132693
19224990	47776
19238407	52971
19240951	11493
19251383	12862
19282181	17747
19283070	18868
19289739	53288
19293381	19410
19307262	27663
19320885	13073
19325850	12123
19335302	10256
19344194	12100
19344278	12604
19352266	10687
19362772	13041
19382608	23434
19384263	14696
19403084	14325
19427692	10024
19434975	23775
19441694	43704
19444719	14567
19449196	13561
19450630	11887
19458942	247318
19464722	10201
19472302	18398
19474256	73277
19521183	11819
19537009	55110
19544320	13411
19556160	12947
19569910	43978
19573015	68139
19575931	17486
19579372	13945
19588995	11722
19637455	17102
19643859	37016
19738679	13775
19754381	57272
19774126	10013
19785539	44762
19830755	16931
19833914	51004
19834938	11875
19861007	60930
19868965	23519
19871593	10354
19874674	12643
19877369	12760
19879333	12023
19887173	17066
19911342	98346
19914278	25154
19923382	416106
19960683	320129
19960993	26560
19982823	10255
20019581	15245
20030059	11077
20033761	64483
20035260	33777
20035624	10254
20042365	11826
20043979	119196
20045228	10716
20065342	11628
20068448	20161
20071122	40048
20081184	15424
20081671	16244
20085451	31379
20091611	11062
20091857	10099
20108975	11339
20122213	10126
20122414	15494
20159620	26743
20166260	18479
20166297	11929
20168888	10314
20183670	12427
20208434	12687
20227123	26789
20236708	15155
20261639	10933
20271700	12721
20283622	10757
20367618	17098
20369517	11096
20379995	40590
20383969	22206
20384985	11779
20396565	46954
20403986	14852
20416383	11363
20416715	162346
20418607	11522
20420023	10480
20424739	23014
20440757	18443
20441532	27977
20442859	25989
20491795	51917
20493190	12459
20504294	39997
20518557	12280
20520453	20098
20547827	19557
20561877	13103
20565254	47997
20598395	57481
20599724	39303
20608298	45313
20623372	13265
20625307	28756
20626045	15257
20706257	10730
20719062	25960
20731994	27938
20736622	18672
20737716	65680
20749646	65264
20759819	18300
20769413	12230
20783244	12413
20795982	56242
20843944	11491
20863511	14516
20873292	32591
20877323	10924
20891342	51098
20959249	37028
20959724	13738
20962124	55183
20963022	15545
20965022	112839
20969986	11158
20990486	10558
21001700	18121
21035362	42859
21041326	22049
21064452	50195
21086874	23997
21094889	31237
21139719	489845
21152269	10014
21169653	51370
21169867	19430
21170914	14395
21173760	28607
21216684	27500
21244665	21144
21246611	17923
21248922	46898
21255122	11225
21257679	45120
21269974	10248
21270314	12565
21284428	34240
21301678	53210
21321500	10760
21322813	18521
21329461	24869
21347644	41621
21349805	22831
21352799	19775
21374869	14497
21384687	22945
21398467	66286
21424139	26290
21463301	44256
21464149	20322
21464303	10828
21479697	20728
21488242	35802
21502279	10043
21505329	10955
21512424	24208
21525417	21388
21526087	14452
21537351	18255
21543923	38913
21550315	16086
21566725	12241
21569862	16377
21612711	14399
21618791	37468
21628209	650573
21641617	18847
21677688	10934
21681370	265636
21684779	25135
21727662	10169
21764002	43095
21789891	12919
21800117	26382
21801635	25644
21806898	11844
21809046	11470
21825667	10147
21851874	25774
21881236	19095
21884451	11596
21900505	12970
21907618	10803
21920567	18588
21929000	56436
21933055	17528
21971407	10126
21981463	12239
21984966	12132
22000611	12577
22001520	16662
22011129	29265
22022670	11609
22025890	50889
22032400	10328
22058395	12862
22067439	28785
22077652	10314
22089907	330658
22114998	16966
22115098	14252
22120108	105819
22171098	22935
22194414	14251
22200513	21880
22204891	10679
22219491	26301
22238387	29813
22241270	29507
22248269	15616
22273374	20471
22274497	19183
22274944	18915
22276591	10079
22277311	17424
22291962	10596
22306842	15348
22308305	65629
22325205	52558
22364404	13260
22368381	45798
22407287	25314
22410823	16938
22422097	20647
22422329	53835
22423285	24964
22442795	12881
22446345	15818
22466351	24372
22479046	53251
22501530	31661
22510131	11192
22515524	18197
22525429	78498
22527129	17028
22537890	10491
22540632	13197
22587906	11443
22604354	10396
22637885	16532
22644711	12817
22646105	11610
22647023	24218
22669491	10732
22675761	10354
22681049	132843
22716324	12272
22718011	24204
22727248	11108
22730533	12979
22741235	12772
22762365	71294
22763660	21010
22811756	11369
22813116	19875
22815511	119066
22817478	24916
22845943	10595
22855774	11471
22862339	21626
22862730	10043
22863760	13526
22880145	13085
22896785	23143
22902752	10454
22913164	23223
22920708	44660
22927162	10126
22943140	86441
22944794	14694
22952104	13512
22953444	11499
22992456	10499
23005468	38373
23040466	17562
23056475	322563
23096057	46300
23098176	12997
23108767	14631
23125236	56749
23129378	17961
23141075	48564
23144528	13927
23160340	111514
23168994	26647
23179879	18611
23191157	12124
23204581	19822
23223490	10721
23225235	44248
23232040	17138
23232132	49875
23244556	512139
23259560	18020
23272883	11205
23285378	10200
23316496	15616
23325497	17845
23336998	1484516
23347457	29446
23350760	21009
23395140	172798
23416933	20350
23437981	12585
23454326	35346
23474127	21851
23484774	10437
23485083	16600
23514011	13957
23526523	13204
23543629	14543
23563090	10821
23564381	14234
23573184	40215
23620224	25342
23627836	17272
23636901	18256
23642101	142395
23697207	176074
23716613	30627
23718911	11244
23718991	10118
23720391	12368
23727229	26322
23734601	46030
23747391	72924
23749280	11562
23749846	13514
23761281	26638
23770531	37481
23783124	31481
23784147	56080
23787031	13862
23807418	19301
23814777	19369
23817413	25985
23820717	10398
23833634	14161
23840292	12579
23880380	12223
23882426	23470
23883127	136847
23890851	15663
23969520	14005
23972377	23542
23977331	32657
23987189	15932
23988277	18561
23992833	20221
24017476	44795
24022721	27563
24033462	20068
24055863	53730
24071994	43587
24073819	11326
24099129	15070
24105651	14057
24120581	211563
24122036	68744
24137743	24442
24144993	10654
24156311	23777
24179005	20011
24212596	165119
24230510	10954
24231698	10413
24244976	37082
24256329	46123
24256769	46856
24257995	14026
24262810	18446
24295119	10945
24320814	13780
24323626	13693
24324633	14370
24324953	38226
24328012	260745
24343370	10769
24344583	14246
24347649	16536
24361094	12337
24364919	18084
24383354	10106
24391418	58658
24412088	31318
24427726	38993
24433487	13314
24439787	34045
24440781	11784
24450613	17289
24465471	23512
24465825	16477
24477005	11036
24481248	38161
24490239	87140
24498480	11550
24502920	58999
24519610	14968
24524650	10974
24528140	33419
24536605	14855
24537042	17749
24539170	12715
24547538	18470
24584187	11923
24598126	48796
24609211	16772
24610783	11897
24650321	18883
24662577	11269
24667411	17415
24680902	669275
24682244	15911
24718419	17510
24726797	18578
24744817	12507
24751662	23341
24755250	115254
24762251	13302
24763709	35445
24814740	11685
24826055	17149
24832752	18689
24840311	27846
24842489	48622
24869495	18608
24878057	14820
24886914	141660
24897050	14368
24900361	11451
24929208	13733
24929239	43571
24930042	10800
24931704	15495
24983138	18118
24998840	31747
25000992	11007
25015785	10389
25021479	11870
25030879	19292
25060437	10693
25063038	10029
25067670	11081
25074286	16227
25079568	14150
25083628	110906
25086930	13870
25099068	55927
25099429	14118
25118938	26424
25148128	16039
25151784	21908
25169147	624508
25179420	27087
25183212	222698
25198867	14015
25202447	17934
25203318	20253
25206170	34260
25213648	33116
25221675	117020
25240603	18234
25253139	94762
25259189	15540
25266363	16155
25287262	14020
25287818	18122
25339208	10229
25354122	19394
25376529	24284
25382456	23796
25397754	1581071
25402393	10805
25403764	31270
25418414	15033
25421839	10438
25427543	23105
25446367	56548
25455376	13129
25498054	32985
25501015	55786
25501496	134896
25523315	15848
25531273	27833
25569499	10683
25582134	10587
25627393	27885
25628293	11425
25628498	10901
25640483	10431
25660186	15582
25672532	10558
25678782	19274
25687681	44769
25703786	16519
25708391	21347
25716450	25905
25717032	34966
25717268	11535
25737046	10229
25745938	22258
25751849	14997
25753547	19267
25800073	38444
25809025	10448
25824462	15003
25846082	50036
25847463	23255
25851004	10805
25852074	40372
25853878	24678
25876556	19662
25877330	10935
25878612	13854
25881463	10079
25944899	123164
25947565	14287
25952096	10697
25953198	20257
25983688	60701
25985745	19073
26002186	10349
26014451	13565
26048321	13387
26082517	16009
26082858	14137
26088886	11889
26092949	44688
26096465	66725
26098250	10759
26099406	11220
26101702	15726
26111636	21463
26137763	13295
26151529	14459
26159076	62950
26163660	11160
26166431	10644
26179061	1001942
26187249	43811
26203463	11512
26210314	19845
26215839	10746
26216406	10055
26218020	11424
26222723	14987
26229005	13414
26247479	17462
26257795	21861
26277457	15319
26298031	44514
26301101	11911
26324976	10568
26338285	98537
26347454	10809
26352013	12780
26363554	568981
26368526	62430
26399415	14258
26411302	11888
26411657	11150
26437046	12444
26440986	23090
26447170	13011
26459774	13184
26461678	10237
26462817	39520
26470585	19473
26479476	11668
26490921	103405
26495203	24311
26516684	10432
26533050	18720
26539990	32496
26561196	252892
26564703	10367
26570654	11157
26583605	21452
26601873	15472
26609870	10741
26614941	10489
26619986	24762
26631386	13801
26640806	40167
26673675	22798
26682226	14282
26690053	12009
26726497	32020
26737613	10971
26743005	12530
26750474	26159
26757080	11105
26758361	11477
26803573	21482
26804708	277948
26810926	14604
26842469	11441
26859386	19663
26870336	37422
26919056	60478
26924806	10004
26931703	11579
26933433	49972
26944535	28072
26964834	16898
26967127	10230
26967713	46191
26977781	12445
27016208	14227
27035905	17365
27054224	15674
27078729	16550
27094055	60961
27114398	14173
27150782	49228
27152992	12791
27153903	23537
27162984	14890
27165392	12316
27196772	10398
27197236	11103
27233027	14040
27236026	11373
27240529	50400
27244114	11436
27256042	11211
27260097	12306
27260735	22298
27271520	2155450
27287503	14316
27298856	10052
27298873	18424
27312584	21259
27317712	10566
27328795	12449
27343929	111017
27357860	12578
27376553	10301
27412456	19064
27427575	11710
27433188	31459
27442444	30071
27462223	141034
27464382	30099
27464995	10477
27469110	27815
27483146	11639
27493274	21086
27532285	158492
27544875	12552
27624305	10891
27647135	11037
27649653	10617
27685358	70692
27693143	17115
27695490	26554
27709764	39173
27717733	14596
27727810	13861
27731705	16037
27743454	15275
27749534	31791
27756718	10133
27757558	12828
27758199	195829
27773640	11569
27774113	10426
27798720	22076
27808441	29516
27826356	10741
27827287	19809
27827348	32348
27835933	24760
27872064	252966
27917334	36210
27918795	11421
27974028	25187
27992851	12673
28006558	11233
28009765	11277
28023567	40047
28032665	12645
28042600	11893
28049158	95961
28076260	24273
28079820	10457
28089357	304444
28102623	13955
28120001	86157
28130762	12092
28141243	10991
28157550	91137
28162066	18433
28169166	12123
28189741	10937
28211983	16181
28227675	16935
28245278	32312
28250321	13236
28250843	51148
28256059	13046
28258856	72436
28321906	14260
28324346	45231
28324790	17899
28326354	10328
28329816	34079
28339377	22245
28356338	27429
28360428	15464
28368760	18810
28396533	17293
28403531	65487
28420847	27148
28438338	13354
28484780	30432
28498957	161708
28502297	19220
28513167	24955
28529694	10077
28539421	16220
28544954	22965
28550183	48986
28554455	155707
28596839	11849
28608542	15399
28649383	15145
28659428	11936
28673880	27765
28698117	11781
28705767	16219
28708761	10270
28716459	24755
28718417	11007
28720166	19818
28738876	15068
28752940	32866
28773456	15249
28780797	37035
28780995	39020
28875325	14792
28878643	106079
28880614	19994
28898512	14790
28934640	26855
28964218	11514
29000983	26105
29001335	14397
29010466	107201
29023095	23729
29050565	10917
29052219	15866
29054107	15044
29060684	41816
29069615	11882
29072981	15849
29076234	12924
29083885	10238
29102825	34826
29113704	19822
29149378	11181
29160189	18332
29187411	10202
29190475	11179
29241294	26843
29314620	10095
29320286	106089
29320674	27231
29338388	36006
29385602	13679
29387134	10642
29398247	12084
29401642	19480
29420124	26187
29420306	13514
29474852	11078
29506116	11730
29517231	11845
29525013	10454
29526731	10946
29541591	12457
29553261	12837
29560008	10054
29561892	31124
29563391	12146
29581383	29064
29600033	10713
29604096	11888
29629004	11760
29642888	42859
29648044	61207
29657325	17640
29668264	11831
29669664	100343
29669692	24126
29681227	117946
29684709	12804
29727299	10368
29731344	16247
29763169	19201
29771983	12855
29847972	10136
29852108	17636
29862984	11314
29877369	11525
29955066	10581
30017661	26972
30018508	47370
30034611	20945
30056703	14610
30058675	23871
30059310	12042
30074188	11579
30079306	20102
30080969	14431
30085404	66718
30086322	11669
30090309	16320
30109921	110842
30110786	12250
30110913	31268
30134687	31409
30144176	26942
30147575	11345
30215118	28418
30216768	19858
30229762	40974
30271465	11148
30285075	16274
30324943	21556
30340931	29319
30345866	11613
30347338	33342
30354442	14875
30368101	59868
30380437	142005
30389313	114169
30414593	13647
30433531	12885
30438820	371651
30449369	18712
30477442	91368
30514339	12256
30519274	20862
30530399	79609
30536052	12073
30563656	16575
30564688	11121
30586980	23608
30597848	84531
30604754	56397
30628637	40640
30648942	115110
30671807	16412
30673043	12236
30737219	174301
30741039	10103
30748173	10610
30761220	26955
30768966	137118
30795971	11052
30799148	13154
30828433	11294
30848401	111288
30872640	25682
30876388	11562
30888932	64602
30921916	31372
30937541	99848
30956643	11042
30961495	22439
31006207	11169
31009247	23255
31020077	27541
31062564	11385
31064846	10442
31129489	13396
31130193	23803
31136134	18110
31138486	120860
31144368	17280
31147784	20624
31158578	22504
31158971	16694
31187916	22735
31193794	14989
31196785	14057
31230424	42522
31232371	95803
31234218	26121
31296851	16186
31301741	10385
31314401	20241
31344258	68155
31349803	10747
31358035	11833
31397591	15965
31406649	25590
31439694	10051
31454447	10566
31457931	48750
31458594	14641
31480287	10521
31480309	10043
31484412	14996
31498626	15232
31503843	51943
31521955	10403
31527968	22700
31535293	12209
31558232	17831
31578553	14271
31580621	30012
31581473	14502
31588265	13570
31592935	11467
31607550	10114
31608508	11602
31610143	60573
31611198	11027
31669980	10435
31674278	52641
31743298	34548
31772075	31325
31782763	33856
31786381	15417
31787986	82188
31826633	27419
31838443	10659
31865816	11275
31865979	21038
31880903	32848
31885844	102878
31910899	22421
31914771	17729
31922260	26959
31947249	69741
31976109	72145
31978968	23828
31980013	12079
31981903	33740
32024455	16474
32026438	845697
32042035	10241
32051844	10157
32059642	69124
32087481	32520
32110314	13493
32117986	23704
32118739	701683
32120803	12682
32125794	17708
32128324	16080
32129144	10711
32151212	14376
32167863	10617
32180323	10884
32181456	18734
32182320	14382
32183517	15091
32186516	22725
32213243	22548
32244258	28518
32303966	13203
32365162	12050
32374603	22409
32407774	16777
32419834	17228
32429359	13819
32431437	34425
32448121	13372
32452562	32582
32452570	14961
32459044	13603
32468852	43385
32537359	11107
32540762	38072
32551020	33753
32563684	95878
32563814	10759
32587745	11644
32636325	20774
32671825	55625
32674854	45021
32686800	25919
32712074	66181
32719333	10331
32733370	10235
32807160	10061
32828659	20759
32883662	14846
32916643	36361
32918734	15332
32945530	49933
32962461	73648
32968009	13914
32975822	10038
32978999	24798
32984512	33942
32985784	10042
32996729	10703
33003260	14560
33024000	133552
33051123	10556
33055528	10493
33063470	12944
33086912	10591
33102811	11998
33112357	11374
33150642	14897
33162175	11441
33173168	11917
33174339	26450
33176605	15014
33181681	31907
33194246	18719
33203776	159350
33209357	16293
33264219	10574
33307712	19754
33321479	10772
33328221	23657
33331147	10738
33344517	10207
33361735	18135
33381238	10573
33392694	12239
33418558	30907
33423391	11127
33432605	10198
33437170	93509
33460738	10412
33463866	10119
33494946	10510
33513766	427069
33520991	49387
33535465	20502
33573743	12792
33584686	11054
33594026	28719
33594082	11707
33602214	17996
33608721	10404
33625385	13550
33636550	11033
33648054	20110
33667179	20622
33703471	19226
33723888	23930
33724015	10732
33724585	15230
33724737	303216
33724953	10371
33725416	13857
33758505	10511
33795225	10432
33826760	115348
33834847	36497
33860826	19690
33885588	48046
33899876	20435
33900080	29428
33906795	57379
33935341	66509
33951236	10187
33977774	31484
33998416	10064
34007033	11334
34076221	13961
34087025	38216
34089483	22634
34103462	17439
34123852	11716
34147037	11933
34151288	20892
34172906	13803
34183030	130431
34189861	14426
34206583	37296
34221723	16044
34271919	39311
34280421	12058
34282924	19652
34322953	154935
34341382	13038
34350418	11513
34365662	59994
34380159	15023
34414007	29567
34423313	33075
34433931	10876
34444145	18835
34451260	10051
34493830	12254
34550369	44716
34559393	21372
34562225	61109
34596438	13461
34668849	112224
34674803	10258
34764950	21569
34765719	53395
34782044	59845
34783238	20236
34794359	62886
34799829	26173
34872423	18404
34903591	20865
34908707	15108
34936190	10833
34941816	16344
34959537	14722
34979324	12635
34985141	17068
35027673	13181
35054725	16477
35058093	10766
35058161	37182
35068011	14238
35107173	11210
35109006	16729
35109302	10725
35110286	20600
35138807	38170
35149074	17854
35293806	77361
35296235	34607
35317405	20262
35318985	14958
35402441	14122
35405351	47372
35406463	10934
35420369	58693
35438051	14571
35443968	15026
35455458	17338
35456682	13398
35461805	11230
35466978	53959
35472539	107802
35481667	10361
35483551	15141
35484802	10277
35554957	61112
35565430	12896
35568476	49304
35586032	51341
35622562	21154
35739442	37563
35751517	35954
35763586	13824
35767056	15210
35772513	10417
35778144	55914
35781916	11795
35815459	12596
35875809	15894
35887013	23991
35902750	10755
35907893	39002
35923913	10369
35926433	14145
35935442	10743
35965167	17726
36001746	49522
36038260	22302
36039373	13912
36072029	26669
36078125	15873
36096795	11121
36137468	33782
36151363	12866
36167636	14448
36168024	11004
36168133	34644
36251645	16012
36278066	12574
36289814	11909
36305515	12849
36309522	51522
36323107	12799
36335122	10460
36347127	11521
36355371	51031
36379605	12468
36393110	22204
36449484	24784
36487649	12736
36502114	25349
36529631	11782
36546736	101429
36547004	21140
36603681	17360
36627244	11523
36674089	44931
36688121	22159
36695397	16294
36701750	10902
36715231	10078
36723626	41053
36745510	19814
36757556	47768
36780888	10155
36786452	12076
36796920	17708
36803017	48181
36806880	22360
36809252	22409
36814944	12461
36830433	66838
36840295	25413
36849411	11975
36850751	26621
36858964	18860
36861404	15971
36890214	252858
36900363	20404
36956069	11536
36981242	312785
36990343	33670
37013236	56953
37039124	17848
37045043	31488
37080628	11960
37081767	11090
37082425	11367
37120113	19130
37127100	98888
37139502	87335
37149839	49492
37151753	10681
37192253	34605
37201943	13800
37210476	13419
37214382	15694
37238442	24276
37250728	14371
37261546	10322
37274954	18545
37311008	17048
37320301	10371
37347683	78406
37374227	11548
37396565	13288
37402908	310375
37409974	10371
37410247	17003
37410549	25585
37442555	97293
37457835	73439
37459553	27937
37465864	15612
37489485	11496
37501818	26606
37512750	12260
37518673	10479
37533515	11371
37551653	124633
37552009	45730
37552368	25517
37554062	98817
37559371	16862
37582260	11715
37591676	40870
37609744	24423
37612039	17281
37613811	12510
37616065	24149
37645616	39379
37659998	11349
37662064	45326
37662291	105375
37669703	10998
37695763	133522
37713451	21042
37731448	31843
37761470	178550
37761750	17404
37778478	20360
37803481	10614
37811331	19572
37834716	39987
37884015	19666
37937007	112713
37960480	17253
37990072	10075
38033889	40801
38054553	14807
38061015	11752
38074963	15372
38102850	11956
38132678	10019
38142836	12605
38147503	12235
38172393	44858
38240764	10897
38241982	12814
38256714	13941
38277321	116377
38306334	17916
38313276	23412
38324460	14548
38334004	11553
38349851	17426
38365942	11028
38369871	19436
38411591	55247
38424538	65534
38428970	15905
38441298	23192
38460979	10893
38463221	11468
38498402	47676
38533970	26496
38575050	72421
38581727	10616
38584079	29602
38600406	10705
38663695	11544
38675961	11611
38736755	52146
38746277	31194
38746764	14381
38759964	12939
38792257	10210
38837025	110262
38870387	10363
38872717	11484
38880253	42226
38897661	13094
38903474	12615
38917023	11158
38929147	18686
38971924	10635
38994616	10795
39001733	12119
39055981	11183
39060197	10093
39064371	28616
39069260	11209
39075538	20285
39118801	10221
39150016	42350
39170181	50749
39181496	11386
39205473	13951
39222024	12567
39246018	13938
39267440	41536
39280222	11738
39286823	17734
39299266	14382
39319235	10486
39323179	11004
39329830	20333
39383510	17397
39394962	11478
39396817	13553
39401433	18908
39402433	14433
39407189	19354
39408655	11667
39424481	10037
39510943	20616
39513824	21284
39537654	11149
39588259	64249
39652483	10420
39680666	10034
39691750	10388
39695133	10467
39742667	13162
39744116	10577
39751440	11949
39752205	69041
39776428	11373
39787785	74438
39791253	15459
39793486	12503
39806754	15511
39812533	66450
39812692	10747
39836233	25716
39857499	16743
39867121	11159
39918891	247768
39932185	12395
39936128	18184
39968968	12461
39979466	12362
39980131	11762
39980775	11495
40010255	35098
40014825	16384
40051154	13845
40087077	13914
40091453	62248
40101339	13531
40110614	11597
40123728	14381
40126282	21289
40131369	18250
40131597	104701
40151691	13194
40157952	10854
40173283	194020
40196424	14131
40203166	46214
40224942	10750
40227586	13468
40319762	12680
40332535	15514
40347283	12654
40348451	13579
40353001	60945
40354322	20371
40359278	12823
40413077	15942
40415148	10084
40468929	18058
40474497	12779
40491352	13117
40502404	11236
40503174	14624
40532459	18273
40534070	12939
40566712	12682
40579943	136240
40651103	57034
40667895	70128
40671719	44338
40673809	14064
40685708	11899
40692151	15015
40696766	20567
40707729	10582
40745130	11350
40745247	10205
40745573	10352
40755639	246147
40758621	20503
40778816	10902
40778841	50105
40798733	14635
40800521	13186
40804128	26925
40804369	49787
40857985	469781
40883469	35416
40889249	15987
40945573	19104
40960497	12350
40969912	11065
40975712	13166
40983656	13757
41012256	25933
41026504	63986
41031374	12184
41034800	12733
41036134	12347
41037884	10451
41038873	10497
41105923	11500
41111704	20957
41115319	10329
41117696	14630
41118694	23389
41123153	20917
41126310	36852
41178677	16634
41181773	21715
41189319	13209
41203431	10984
41227022	10462
41253385	32487
41256998	16357
41275471	55830
41276363	241178
41279383	12013
41279990	685441
41300594	10176
41336751	27141
41340204	10761
41362865	19167
41363693	30564
41380323	19484
41399586	26670
41413960	11816
41428348	18605
41468389	11325
41474462	11780
41479945	37549
41480862	15990
41492035	13845
41496929	10218
41497635	63369
41505695	12331
41532185	12729
41559235	21507
41567400	15125
41585187	32833
41593434	59948
41594492	12121
41615178	30465
41622633	13470
41629427	15357
41642671	12403
41645703	13048
41647631	16294
41648039	18960
41726858	10218
41773069	66517
41804367	18033
41806245	24814
41812477	17891
41844805	12550
41867949	47639
41868312	10457
41880862	106676
41885348	11031
41892201	16100
41929513	89298
41967179	19508
41980011	11549
42009083	70166
42059442	24492
42079003	21216
42097066	10924
42102115	104989
42117284	39290
42131714	12376
42153234	46553
42181612	17737
42187240	14424
42187830	14538
42207068	14790
42336734	16211
42361423	16540
42394934	49491
42396775	59351
42426836	19419
42455909	29473
42476486	11620
42507939	16046
42533453	12866
42549682	19236
42579315	11427
42661504	33867
42704536	26732
42710028	14473
42733548	12163
42737661	10394
42745448	23581
42856983	55262
42906533	13909
43007112	38642
43025305	38836
43029607	25586
43061822	18664
43088447	14575
43129223	15496
43164789	55331
43191872	18428
43210643	11637
43252103	12424
43255488	15147
43279394	10699
43303404	46599
43306220	11720
43321732	11742
43356361	27824
43366822	110533
43385679	11721
43408535	21219
43408699	51428
43415084	32517
43418130	10743
43430790	20724
43436555	15453
43450173	31990
43474882	10742
43475495	11309
43500771	11495
43507907	11889
43525762	10525
43528634	32643
43531172	11095
43553861	17513
43561772	36841
43587899	40267
43591190	20093
43596804	47365
43654879	10389
43666063	12713
43679156	150317
43708585	53181
43720065	49953
43721602	11390
43756881	13990
43791385	15999
43814972	27284
43839165	17741
43842044	15095
43894509	10559
43929176	21687
43974386	14753
44077890	20436
44088023	24043
44102248	14485
44104978	18264
44113015	10172
44135629	10270
44180381	10842
44202979	23254
44209540	15228
44249435	14013
44274905	22663
44275395	10265
44310107	16900
44325053	10055
44333619	11343
44379152	20661
44397919	31896
44417081	45406
44432298	26791
44440611	66027
44456539	17678
44466422	10811
44543397	10109
44556156	22153
44561294	12100
44667655	12264
44682603	11194
44696285	12180
44731931	28142
44752759	65128
44831233	11675
44844293	14969
44877865	138220
44880126	49795
44908622	13254
45111844	13130
45125882	51196
45129003	13529
45131540	12032
45136264	53074
45149908	20463
45196262	15153
45207007	37427
45228121	16813
45229911	14955
45233652	37351
45275262	10961
45293400	21674
45325898	18873
45364342	17789
45411626	10174
45430020	14790
45501463	19383
45532653	10329
45541824	13917
45544820	19055
45547438	27466
45557859	12591
45572478	10236
45596626	46188
45607795	13931
45649827	39648
45717985	452527
45765264	22952
45768403	47040
45788222	26859
45802740	12520
45821421	15249
45836952	44573
45844735	11241
45862428	13596
45872814	13958
45884100	12527
45906261	10075
45917106	11600
46001689	56406
46007296	10486
46043294	29091
46081142	14523
46133601	12549
46136638	11882
46262780	284509
46315149	10838
46365332	16480
46379590	14390
46432580	16782
46433956	33848
46444111	32080
46459223	31171
46491912	12371
46521825	24533
46536029	12734
46573699	39464
46576515	14221
46588581	25453
46607906	11669
46608654	24281
46670270	11365
46691172	10441
46731126	18332
46731911	15130
46758067	10578
46797160	15750
46831096	11047
46841164	18854
46854311	14839
46870903	319296
46917919	10721
46938645	18665
46943941	37500
46961231	39190
46984226	37076
47078330	11050
47160149	13127
47258650	168976
47298505	12584
47323390	11319
47340608	48374
47374051	19366
47422891	13832
47475596	11333
47476136	32914
47488753	11947
47539220	10373
47590496	11578
47597430	20848
47643864	23658
47673535	14508
47673998	23836
47678858	17470
47681439	11005
47783972	12719
47797726	12601
47825592	13082
47864609	13088
47881978	11882
47937651	26670
47952619	15234
47999248	13997
48105749	19695
48171994	12865
48177760	13791
48187456	16136
48192006	22623
48221245	12432
48225587	34797
48264539	15571
48272427	12350
48290582	11826
48298395	17439
48302375	11001
48303154	10524
48319420	67019
48327523	11797
48375837	11520
48380047	77451
48382044	26187
48396639	25861
48419216	11053
48422031	11494
48437886	12124
48441339	26854
48478652	11059
48485644	10246
48492039	30734
48599179	13754
48680711	13266
48687900	10771
48689792	10638
48695316	13004
48701617	11371
48707152	12247
48726646	10536
48797535	11043
48816161	41087
48850586	50628
48894729	12436
48899079	13468
48902352	10237
48924955	18222
48928299	14572
48934318	317537
48939310	29394
48940211	21494
48952687	12421
49048479	10304
49072695	13097
49076101	10446
49080044	21937
49080161	10187
49158152	11904
49187521	10428
49188016	15191
49324295	15225
49409520	24918
49410905	53441
49431026	10366
49435062	25729
49502534	16225
49511472	10472
49549943	10319
49563370	15841
49585061	16108
49638059	16001
49646646	31487
49655397	15403
49673494	10024
49682764	15739
49711351	111867
49743965	16837
49744949	10256
49764338	37166
49771418	99224
49796253	16688
49827251	15127
49841669	15500
49842191	64749
49856673	35946
49898582	19642
49959300	12974
49973766	11388
49977231	20965
50019200	10520
50023760	38589
50040117	13786
50059657	12227
50086796	81437
50106927	11050
50120331	21770
50182933	13343
50233510	22036
50241415	19354
50274805	13228
50291776	25798
50304041	15888
50352429	25465
50361503	10595
50497124	12789
50516151	16567
50538873	72273
50546315	40664
50551746	11331
50577011	15240
50602100	14570
50645743	27348
50666708	32154
50683906	26420
50692511	10034
50705921	17370
50722823	30441
50723496	37601
50759402	34760
50765547	18023
50813105	25922
50816789	10129
50827513	17090
50830319	34790
50831658	10459
50838456	22076
50886593	12874
50894417	10592
50937136	17956
50984823	10972
51131877	10008
51136009	12504
51137984	10133
51149454	11702
51154057	10708
51195062	14384
51242672	10014
51247441	11577
51263245	14550
51342532	11282
51344071	19790
51427769	11488
51428234	27058
51495968	18304
51499586	19188
51567813	16304
51614038	10321
51614181	11011
51671093	21284
51674044	16388
51690022	21666
51690508	13401
51778281	12814
51792922	12194
51794990	15606
51890059	25581
51929305	11122
51977075	45603
51995549	60942
52009260	19952
52016729	11174
52036027	63837
52039838	10141
52169508	10283
52206680	11410
52237288	10835
52240806	63422
52255231	68598
52294560	102209
52338614	10201
52396166	55921
52456322	11440
52458515	14523
52470564	11991
52477811	25748
52481940	127959
52502395	21646
52510606	23660
52607226	11373
52650310	13431
52714347	16696
52748059	146249
52770740	20137
52794856	10858
52796864	21487
52859573	27547
52860087	18534
52860328	14813
52860447	14660
52860538	21379
52921759	10131
52933393	12980
52951531	15965
52952248	18083
52952941	23880
52999182	12935
53101246	18648
53106565	10139
53108068	29365
53111262	11245
53127546	19667
53128139	14707
53128333	19046
53174868	29316
53197338	10994
53261152	10618
53262029	10333
53285196	27602
53307871	21636
53324818	11489
53378167	21718
53404811	36210
53414143	31740
53422722	226468
53443778	14097
53450647	10366
53485736	24332
53640720	29226
53675243	17930
53702830	38867
53746938	13413
53792164	13152
53799950	14954
53820564	11207
53890235	116189
53932479	25100
53940006	24171
53942870	18642
53962812	12301
54056441	13603
54099212	14895
54119263	78120
54145674	12365
54200328	11563
54235803	12279
54264793	12064
54298946	257131
54363536	10418
54393851	11039
54475482	10526
54482567	29538
54505915	10031
54582413	10569
54585164	13638
54589871	15088
54610243	116668
54671312	12351
54706505	11152
54800828	12063
54829116	152995
54851862	11553
54881342	10103
54893462	10583
54933471	17428
54933540	14821
54944679	10318
55015230	48033
55048506	261561
55087713	35836
55111477	12916
55197673	20746
55231712	68584
55287514	16306
55445905	56483
55456858	89538
55539329	10941
55668250	10193
55720455	15209
55727750	17599
55800971	24716
55819340	10902
55834034	10933
55834984	17311
55902443	10562
55923745	36712
55967961	71849
55986174	14458
55998504	10140
56002246	10318
56002498	22422
56035194	16243
56049239	40434
56127135	16632
56130603	16564
56182268	36662
56197223	12071
56212688	18463
56233363	27377
56269988	10594
56270716	12580
56451577	13629
56501338	15368
56507225	15475
56567433	19417
56579616	30615
56616623	24782
56628895	14719
56636986	13222
56704521	14129
56730998	10858
56746557	10649
56747642	17054
56762643	35040
56810380	20289
56827883	19223
56929846	27785
57068113	101097
57074503	11392
57083755	10731
57135372	18646
57148222	11237
57149225	10390
57157087	39559
57157516	22554
57158179	13599
57158669	30506
57231221	22537
57231491	23767
57231723	18044
57232352	30209
57233178	36832
57233323	19232
57246204	62690
57337426	10850
57391591	21604
57394606	12231
57405355	20255
57406882	14822
57425951	13695
57428541	46375
57456682	10752
57472509	43675
57604075	10865
57610724	11904
57687249	13423
57765041	31192
57778060	221486
57783595	27227
57909540	17530
57916879	10137
57941146	10968
57981602	16833
58015319	260235
58081049	31970
58104428	46063
58112983	10449
58114040	12509
58163697	65422
58198903	12824
58235525	17529
58278126	28968
58285801	26916
58342356	16146
58346217	11041
58358371	14494
58358873	14327
58381234	27256
58424044	11770
58470765	41319
58474765	15590
58519907	18604
58523799	33011
58577243	256522
58650181	14524
58683796	15034
58708121	17930
58723739	11013
58727701	13017
58736000	19554
58754634	12624
58817413	55875
58858815	10187
58906142	18681
58972230	22446
58979718	22949
59055551	16155
59094671	23025
59185795	15421
59230392	29716
59246574	18696
59320007	18919
59340383	11839
59350615	31653
59351162	11905
59380620	66566
59483834	14256
59485439	11740
59539194	21354
59560579	43697
59575068	70108
59578694	63487
59606179	44589
59623061	32837
59661383	10195
59669588	11587
59729145	13276
59751760	20468
59796975	14285
59809885	22412
59827775	16400
59871892	31710
59973349	14208
60037597	20857
60054047	14036
60088665	15208
60106978	21387
60224340	12083
60239586	10727
60340287	24717
60411436	28591
60571742	12386
60573139	10113
60635397	10715
60636777	12615
60641441	41234
60666025	11534
60716044	17959
60736161	17527
60754101	15057
60773195	16766
60871580	11333
60878522	13699
60930869	17508
60983465	35622
61026236	71760
61144050	16890
61147981	16560
61251313	11951
61278758	39265
61288462	42850
61364496	10617
61380136	18423
61431395	10683
61480074	11486
61493773	11429
61560986	32053
61635858	13185
61661557	12192
61694751	10351
61709411	21805
61716460	14266
61718455	14404
61882854	19388
61883141	19382
61883684	24556
61883869	12541
61884122	34089
61884443	26291
61884636	19863
61884902	36245
61932988	11470
61956959	17871
61969135	46956
61972359	72331
61972382	136463
62033900	36588
62040910	12685
62051964	15272
62053305	10601
62067478	11802
62098347	24494
62131328	14565
62235188	444112
62257382	27306
62284343	63371
62348458	71708
62383217	13916
62439768	25123
62452607	10904
62455031	17202
62467117	704550
62469420	24725
62521933	20751
62568468	18002
62596834	14118
62619519	14995
62759135	37392
62760900	13687
62789636	120618
62813990	17495
62916272	16699
63012708	39693
63076029	11169
63090095	11438
63281579	10524
63325360	68854
63329499	11036
63574439	14599
63590921	10396
63698835	11004
63704914	12330
63851167	17084
63955107	16156
64000005	22942
64050357	10560
64085711	11511
64100370	16569
64189669	17225
64210604	10398
64227307	36355
64292640	10903
64336765	12018
64424356	14208
64447081	12950
64571422	14342
64613325	11525
64661306	14440
64722772	33143
64844778	19676
64856007	25828
64856554	10390
64937199	79741
65016528	18156
65057019	16864
65088889	19128
65090635	10393
65106364	23687
65122030	13349
65204800	11304
65205169	30091
65236217	11484
65266835	71301
65333013	26006
65409063	14403
65419935	19103
65437937	13853
65465412	13534
65535668	11769
65585857	23384
65618130	11297
65647586	31149
65651003	10698
65658401	26523
65674394	26071
65676854	73727
65678364	11067
65830339	10210
65845332	27773
65867474	38716
65875052	102226
65961529	18942
66016096	51416
66058882	15678
66065526	11856
66098116	45887
66124163	11460
66193949	14907
66212639	68333
66238697	11711
66305899	14838
66390711	12297
66491412	15094
66549982	12626
66600832	25501
66638588	12741
66647715	27103
66660941	63039
66741346	10904
66951583	32224
67046952	15327
67087000	11443
67105371	11311
67117674	15303
67136878	19259
67243757	17144
67253522	12961
67259200	28688
67312859	219088
67335642	10357
67341307	11124
67384047	11284
67442203	20353
67445577	19670
67486989	13651
67509765	12271
67512737	109717
67525074	21311
67528900	12251
67654038	10210
67718045	10504
67844240	23547
67882918	15876
67885948	14372
67895028	98844
67912614	11750
67936657	314152
67992478	53549
67998815	11488
68069876	17662
68113714	13203
68176522	19107
68312271	10362
68341526	10307
68449583	15601
68531360	11987
68545068	41930
68600761	14953
68773294	16964
68779230	14558
68905785	10596
68925541	16120
68950479	12370
69015615	11897
69110123	10405
69139754	16818
69170482	11756
69180215	30225
69284949	18637
69337273	15413
69421349	12466
69425663	194256
69515917	11807
69535551	10005
69541978	34146
69604490	56294
69640465	26994
69818161	38619
69909234	32105
69973259	10282
70026411	11981
70065597	14048
70122260	10652
70152526	12004
70164692	51369
70183719	10441
70218490	296751
70516337	16784
70564346	23055
70693461	42124
70730916	28978
70795283	10401
70859079	26145
70926456	12844
71011698	10397
71027568	11008
71037746	24089
71064070	11386
71087485	13122
71185943	11852
71202663	83999
71337515	11068
71455205	12760
71508555	15671
71604551	16404
71654620	17658
71659061	10003
71758891	10514
71762316	11830
71806268	14201
71839638	10132
71855261	26362
71868915	10814
71901112	24158
72067703	13621
72070183	11237
72115062	17151
72133587	10637
72370514	10466
72374169	20734
72397242	16455
72413717	11196
72432403	98792
72475567	10664
72512629	12078
72513608	17927
72528430	27899
72548226	19187
72661295	10152
72665192	12097
72670223	27163
72715957	13822
72744501	24712
72823490	10296
72874811	118277
72883332	31497
72906582	19584
72917731	65994
72988452	22343
73040060	16427
73074741	27527
73082456	11354
73089476	10403
73129925	20906
73139893	34657
73145651	10763
73178139	14566
73223141	12481
73323038	14075
73366907	13343
73389716	10050
73453169	11705
73456745	19836
73464777	16176
73637445	11800
73647393	18426
73664267	42971
73707140	21129
73769464	10800
73770273	40544
73826097	13032
73881724	11030
73926727	58245
73958051	51071
74002273	17786
74055050	13274
74095471	10961
74132055	11955
74139096	10089
74161441	21026
74206604	17350
74208221	10474
74230469	10054
74288623	11890
74289673	33563
74357794	11290
74370984	12222
74373437	11405
74409545	37733
74526971	16535
74648579	13793
74704442	17666
74728702	99535
74777848	10941
74852838	10414
74911655	10999
74930259	41821
74939724	14440
75029415	11754
75046379	358472
75107658	10545
75119401	23235
75127902	10435
75144071	10351
75145330	13478
75161151	15606
75167970	59307
75191392	10879
75241639	15450
75248141	26959
75272122	23883
75274286	18099
75281603	14700
75308629	15926
75332830	22310
75393008	29289
75508441	18778
75525677	21811
75546545	10380
75580134	60910
75593192	18175
75625223	99232
75626871	10681
75689504	15606
75720934	107553
75853277	12148
75888130	12581
75925475	17195
76177765	12444
76189364	10420
76193310	16166
76234415	11387
76260397	11717
76277172	11287
76418236	10919
76458454	17735
76523075	10643
76539029	12756
76545892	10484
76571290	12561
76572253	43262
76680148	24714
76701711	11654
76822991	13750
76863817	28928
77019393	36707
77050438	11283
77124532	53102
77145358	12991
77147595	15040
77202848	11394
77239402	17694
77309021	14794
77345429	11027
77461074	26686
77597752	10827
77614865	13312
77615586	11926
77629609	16392
77635662	19539
77761798	30367
77779377	12858
77922871	59821
78048821	19640
78049347	10924
78086691	15637
78087478	10601
78111240	12302
78160539	26296
78271494	12260
78272354	56213
78297662	11185
78325681	24226
78353065	12581
78354595	17029
78394541	17255
78424154	15706
78474103	27844
78495207	24815
78564693	18709
78715851	10851
78728001	32556
78732690	13376
78742398	16520
78753290	18490
78756267	11351
78832005	13453
78853628	60774
78990002	14013
79053678	55620
79083379	31763
79134460	15558
79146631	10397
79209776	10362
79248626	14091
79256386	49847
79280578	10430
79308144	10197
79386684	16264
79403841	51805
79461738	13031
79566129	53264
79580828	18553
79600385	12775
79618217	16654
79726087	41855
79802437	11033
79876389	18597
79929710	13575
79937317	22667
79962740	506067
80030240	37782
80040159	10161
80128266	16275
80179287	15384
80212892	50748
80313727	102888
80314374	83173
80340973	11418
80341384	10614
80341599	10567
80341859	10431
80365969	72477
80390061	30429
80390433	11861
80479477	13727
80526937	12480
80544134	15606
80710238	14294
80714979	40377
80769288	71501
80782247	13802
80800749	16263
80833202	174799
80841100	19344
80949556	16739
80982815	18328
80991424	20579
81013391	10137
81021030	54392
81147046	11882
81186498	13198
81242584	192596
81400378	19027
81412372	33206
81601463	15658
81648881	13521
81650544	22583
81739981	14352
81895441	11483
81900123	10706
81908037	14384
81971931	57919
82116194	10896
82174521	14741
82256638	65553
82257079	11761
82257664	14168
82263962	25630
82421205	20483
82460431	17566
82460939	12105
82492682	23028
82494836	20838
82673453	10926
82681213	16037
82710173	13859
82961891	13477
82984105	23374
83082275	12684
83328202	11295
83328801	10706
83350909	53655
83421578	32220
83458254	21692
83458652	50415
83472783	11158
83487983	14539
83517436	12887
83576904	20308
83695242	10391
83802576	24279
83829234	19302
83865845	466860
83878088	10143
83932156	73801
83932609	15806
83933915	51992
83934773	34196
83939534	17825
84001503	12794
84089032	11991
84150284	11345
84243794	14798
84324916	11746
84337823	17675
84358614	58990
84548049	11869
84550689	19008
84565672	11696
84566427	20050
84671456	13027
84738449	11329
84753470	99465
84867451	50968
84881664	30033
85018638	12466
85028750	11788
85032326	15598
85082281	11597
85135751	10687
85161953	10010
85189393	50700
85328060	11500
85399478	10284
85402394	13964
85406657	21136
85438387	103257
85491045	94153
85544800	11353
85548107	15230
85596089	16901
85715491	10774
85730059	13264
85743215	12048
85776472	11919
85821443	23261
85849594	46390
86015720	10300
86023563	10762
86128292	21468
86154285	31426
86181921	12638
86232304	11425
86280751	10034
86373719	21012
86462163	20460
86473364	11534
86477751	12855
86539810	72858
86562431	13211
86591342	10138
86619326	10461
86642556	32179
86762811	10067
86797976	18676
86841845	12924
86886436	11251
86976719	13144
86984453	10149
86997476	12767
87008741	12094
87141885	15831
87213020	12202
87222906	17350
87269347	14906
87294422	10678
87334572	24137
87410004	15580
87488079	16260
87509339	13128
87537462	18347
87554167	11791
87646105	88888
87667881	10901
87684787	12314
87724765	10103
87869905	13276
88034671	13378
88047053	10579
88193559	10797
88235947	30502
88267917	30155
88295670	10021
88350411	12712
88355941	28152
88446082	11804
88531590	39623
88571445	34255
88679062	11271
88760530	13434
88768275	10066
88948622	10672
89057563	10388
89072614	10011
89081279	20194
89095505	10078
89101406	10491
89164872	91779
89174587	64568
89201150	14847
89314905	23952
89361859	13831
89409278	17540
89415656	34990
89446883	15646
89464745	25797
89562383	10272
89582669	56279
89791062	54498
89791134	41741
89845253	18657
89853518	16135
89873253	14176
89950335	10573
89967781	14024
90199867	10903
90238263	13979
90289034	27045
90379315	15857
90456002	11702
90527907	14842
90550593	13847
90593436	14297
90636947	18995
90734785	13197
90744670	16239
90809652	10214
90858474	20282
90919150	50391
90953558	12571
90963939	11739
90973408	32080
91039703	18364
91048834	22389
91230013	31349
91329225	11401
91503744	42870
91555851	11378
91560605	13976
91724420	98501
91813104	10692
91817272	29175
91849420	14513
91861152	15619
91954178	11500
92103480	20461
92126911	13170
92162597	11011
92204452	44075
92316729	13803
92372068	10696
92526927	36977
92673549	11132
92698691	23125
92759186	10332
92900859	11833
92996372	21099
93123903	10614
93225361	12207
93240734	12514
93415734	10990
93478436	15897
93521285	22723
93528713	36241
93558699	13856
93579230	14317
93712564	35432
93815551	16710
93856314	16020
93982991	13376
94062310	19858
94124837	37081
94135374	20949
94166237	22785
94223530	14977
94293583	12029
94400765	18492
94455568	77700
94699977	12689
94734964	580012
94825387	34821
94857472	12359
95061822	10692
95183181	10210
95283124	30933
95365790	21731
95445915	11486
95470200	28417
95479884	13563
95506908	33365
95600965	17008
95619480	10898
95657180	11303
95699447	11086
95705061	31046
95747301	384196
95999072	15981
96012698	11927
96012748	21126
96012840	42589
96013049	43739
96013163	16364
96013176	26040
96013510	88059
96014840	14677
96017918	121945
96018309	59463
96018559	75200
96030916	27534
96031510	72509
96031548	403176
96032150	51691
96033931	33535
96033969	79151
96034007	78744
96034466	39921
96038731	28452
96039556	16119
96039609	58276
96039666	21099
96039756	52807
96040098	119954
96040605	26748
96040717	28313
96040992	20530
96042041	29991
96044034	93312
96044652	103623
96044720	34529
96044752	19346
96044781	81078
96045976	51199
96046069	27718
96046310	470539
96047136	52813
96047343	106153
96047613	105702
96047663	56428
96047704	37706
96047723	58282
96047762	64427
96047790	15927
96047795	99976
96047839	90932
96047852	99401
96047862	81734
96058995	20664
96269522	11087
96287808	16848
96411344	17362
96625466	11483
96708543	29308
96728532	11472
97179243	21350
97343193	40183
97391198	10918
97443902	13346
97447166	73734
97551787	19245
97751666	19400
97893444	11270
97948824	13271
98002820	10613
98010945	17182
98214236	16979
98228102	12020
98230158	11949
98263296	20181
98376951	46216
98644836	52851
98692595	10629
98791068	17819
98810662	100914
98841010	12934
99081567	34632
99090130	51941
99206247	14298
99402721	10253
99420842	10121
99429165	33090
99466007	20754
99515342	29559
99613372	10049
99650827	11213
99668542	72355
99745378	65787
99881840	12419
99900355	14167
99980832	15176
100020853	11166
100185361	20128
100251557	10011
100280384	14602
100478690	11270
100529486	19238
100628363	23404
100637152	11127
100720626	11580
100897288	16097
101067380	18824
101225796	14924
101315357	43187
101336131	10414
101347741	50633
101486957	23797
101557581	13920
101607737	84631
101804409	11183
101804969	11848
101868968	10407
102050081	12410
102077171	15631
102169709	10125
102396489	19591
102438552	11157
102572150	26076
102608696	16184
102629125	15360
102707013	98915
102794184	10676
102982630	10061
103010387	42714
103041567	15026
103267615	15619
103312515	11679
103370970	14212
103412643	38189
103511673	20271
103601515	120212
103633652	14701
103675958	14399
103865349	10389
103927337	11252
104043933	33218
104050493	11313
104460563	19031
104808226	23414
105014517	11783
105116497	16215
105128941	12263
105289036	14403
105335647	165611
105389068	10610
105464859	23674
105505366	13753
105563226	14765
105807127	11034
105820145	26001
105823750	50886
105900018	207550
105904480	14506
106006415	14937
106069801	36967
106122472	60289
106136707	12698
106171197	11752
106173859	12241
106259661	11919
106422476	45256
106690030	17780
106692736	11243
106774031	10855
106777604	15091
106808496	14253
106909205	13452
107229282	11719
107235744	15248
107378018	12878
107702154	24379
107732118	10966
107863083	235938
107970799	14875
107985994	18577
107987708	13117
108046647	35083
108081885	13475
108137507	10128
108192902	18857
108365550	10486
108405805	24267
108475759	14216
108500319	23181
108525352	11074
108569999	114385
108612795	14121
108615610	12210
108734997	10673
108772953	21134
108775865	23775
108916330	19637
108974617	12758
109028898	10532
109055457	11907
109083066	10093
109387449	15842
109496804	12293
109584053	19777
109682447	13328
109943344	15720
110025892	11245
110036862	10166
110066463	19416
110166828	29935
110254794	21058
110258458	11207
110526998	21571
110674734	16433
110688114	19037
110693670	24436
110735917	19874
110832461	10129
111214134	14520
111349084	12126
111412556	50795
111437635	16043
111517834	12576
111519337	13748
111614647	10266
111823503	11982
111848203	10602
111854322	42589
111863386	11171
111992669	46707
112007755	13598
112185143	37043
112301648	11184
112356243	13733
112358003	10095
112470444	15247
112492893	29478
112514766	11677
112531588	11558
112603113	27000
112604070	10261
112616540	40701
112736512	12311
112760510	15479
112827745	13006
112893349	10447
112902262	16397
112909971	33860
113201559	10172
113241077	23412
113430959	12954
113442698	22948
113773895	10325
113833387	55858
114003279	10614
114015932	19130
114073098	11105
114275697	19101
114285911	24675
114401435	21098
114412816	12137
114449896	13345
114557996	33240
114583030	11373
114593282	40236
114666414	13485
114898636	11865
114909490	60589
114921525	43211
115157850	15052
115179538	23269
115539368	17639
115676546	11759
115795774	24533
115997196	10002
116060016	12345
116283432	11413
116362678	12482
116444195	12008
116488057	12725
116553472	11692
116765961	48544
116799120	19263
116859741	13845
116885492	13480
116891710	28230
117305414	12576
117312123	13141
117544898	51102
117625165	23104
117696417	35580
117784688	18514
117829231	28785
117862195	48310
117882144	11233
117897264	29263
117911586	15551
118120110	10927
118127791	35368
118292045	15507
118342676	10747
118442424	12276
118657193	124146
118719303	100848
118752812	10489
118774096	10713
119268887	33741
119380462	14803
119591803	11286
119724665	11205
119946768	16260
120022194	11570
120154139	21615
120268132	40252
120376539	11872
120415199	10845
120422380	12582
120480437	13981
120566783	30418
120711242	12063
120748401	21894
120886942	18824
120993753	30603
120996651	22094
121072986	32983
121086833	11921
121100033	11524
121170007	14610
121249147	10627
121318326	11872
121448441	19393
121540241	51027
121575386	10615
121627753	58153
121719083	11875
121782830	55157
121813266	10089
121829000	14600
121943860	16175
121967163	13906
122128239	32208
122147008	19675
122376789	20442
122406577	24106
122488783	30599
122733622	48365
122736746	14901
122742996	12947
122759178	20146
122762227	20932
122785729	13180
122879343	15931
123177890	15463
123298904	12874
123512674	14208
123526568	23270
123646811	20343
123690746	58901
123909868	17880
123961937	55706
123965707	14671
124007686	24449
124098159	10911
124144166	11910
124203573	29115
124357890	10406
124377279	10104
124646996	22035
124722766	26087
124839176	17909
124874227	429746
124976508	17944
125098663	10824
125152848	11359
125288095	13167
125404903	10621
125573578	25241
125637291	16829
126119082	10138
126261341	36410
126639047	13274
126679471	13649
126746791	10482
126781247	10139
126837449	25488
126892923	10239
127157188	10012
127384892	19070
127417433	11485
127529081	16832
127647206	13008
128184150	14665
128667221	31661
128757846	10011
129008231	14259
129023686	68029
129052971	15595
129336864	12568
129496999	52578
129504975	11624
129586069	10015
129697345	11041
129786881	17489
129809110	11228
129978863	10978
130162441	46342
130213518	10537
130505920	10486
130692255	20936
130809204	110841
130975868	13399
131046436	15593
131415660	18289
131752633	17674
132107790	26932
132157339	17875
132191927	23468
132278540	22478
132282116	11498
132528288	11532
132978250	12084
133238305	20279
133411764	31029
133446359	24964
133605920	14812
133619691	12216
133929303	11322
133930293	12919
133931064	99284
133977303	29216
134088874	10098
134297599	16024
134322866	10868
135173260	11059
135175435	13171
135361785	12318
135432499	21536
135454110	22374
135553734	21832
135656709	11816
135715359	17174
135723047	10707
135761958	38717
135764815	10706
135913112	82725
135976278	15062
136636094	10061
136676532	11146
136815211	13156
136941275	13687
137136436	12149
137554607	12445
137739751	12315
137782852	11440
137941479	16533
137948677	12859
138034069	15088
138222162	19317
138224212	50182
138298090	11960
138470113	12528
138609855	13818
138627659	10800
138746512	12483
139136304	102436
139359892	11074
139467665	12015
139568743	16553
139773451	42761
139799878	39173
139898116	21316
139979229	11761
140005316	10261
140624300	11314
140997566	13686
141449569	12711
141903196	10375
141919186	12180
142029642	12959
142337833	11024
142638454	10153
143045350	20573
143404720	19857
143638665	12573
143707255	20127
143972152	10577
144735018	10967
144859237	12088
145386024	16288
145555890	11588
145633932	24988
145727905	13181
146125601	12169
146146346	12960
146619565	52646
147241881	10178
147371961	13732
147442072	12170
147473585	12413
147663944	16062
148087041	15503
148539794	19867
148618353	49716
148682744	12275
150584501	16982
150673666	10869
151318470	10689
151510313	16466
151787514	72167
152241382	15081
152829450	16467
152902387	14168
153524021	20647
153581033	16014
154016507	19777
154336794	16226
154536008	23531
156198998	38889
156244193	13289
156531323	12017
156562000	12245
157086102	11757
157276653	13005
157933404	11339
158053976	16683
158067152	36629
158325095	17767
158685314	11524
159024707	43779
159136959	10341
160060807	10412
160357909	79434
160450528	71932
160861403	75196
160891372	12301
160956210	12371
160984468	13447
161214778	79693
162441970	15996
162466207	17635
162664033	22086
162698663	11703
162729988	12699
163025858	43211
163406339	11780
164161252	59428
164258565	11530
164630624	10790
164763557	14690
165456748	13267
165578726	25233
165666037	11898
166181135	25183
166298557	16269
166453852	40804
166942226	15437
167328807	23436
167487604	17794
167957143	34294
168485500	10030
168486672	11430
170370401	16631
170381022	17381
170412984	99500
170906984	48783
171232269	14249
171290925	31875
171441538	11045
172175290	10880
172403694	53215
172769531	11672
172888808	20871
173016112	12858
173531281	13418
173643905	16672
173723107	10364
174120258	10131
174179428	14199
174327424	10232
174358739	32757
174543023	13248
174644521	11526
174838374	57591
175008397	11307
175306464	12875
175465818	10911
175601577	18199
176103027	78944
176249497	13366
176369731	51582
176376486	11869
176729266	11579
177040583	44109
177214230	10155
177543863	43508
177701709	12611
177719031	10523
177950281	27973
178115861	12910
178482145	12903
179050350	11197
179133137	15699
179262992	23706
179265861	15054
179467515	10737
179490419	18346
179571411	15052
179903825	27023
179970059	26493
180245567	11404
180445984	10117
181436274	14325
182168225	11752
182194363	52905
182343710	53940
182494104	11589
182974052	10454
183061618	10078
183373368	13106
183623565	16102
184339659	12194
184527036	11834
184590880	11236
184933435	10786
184976864	10790
185106440	17507
185305828	11929
185373286	10529
185442102	31547
185452760	31577
185620932	12810
186105741	13085
186266025	29574
187153920	12127
188222491	13487
188263149	12870
189175830	10907
189300972	12343
189476647	13408
189828822	18885
189865140	18766
189958932	16177
190097914	21491
190522130	10559
190546108	16744
190652072	11091
190682675	12353
191051474	11350
191139289	12585
191177839	11369
191466271	76730
191655580	17729
192662948	14656
192990463	14517
193228967	10768
194074029	11594
194123251	10152
194229658	10048
194429871	17413
194771107	11587
194897720	41771
194929669	10821
195818323	270698
196510562	10251
196652827	10678
196680949	10481
196969467	36461
197078046	14567
197152433	10843
197270984	10723
197423174	10307
197631539	57193
198073613	18354
200410370	10510
201241566	10278
201807612	15297
202064532	22860
202690809	14419
202924039	21158
204146046	10892
204507968	10028
205506788	19723
205625508	10386
208765920	20299
210850559	19668
210973303	20667
211490063	30427
211654947	11065
212986771	69494
216555028	10566
216640257	11766
217702610	20563
218077974	14425
220996881	65770
226848836	32520
227258517	14249
230034688	31158
231497084	24777
231667821	56164
